Time (s)	O2 conc. (ppm)
0.10	1.886E+05
0.60	1.886E+05
1.98	1.886E+05
2.29	1.886E+05
2.57	1.886E+05
2.86	1.886E+05
3.14	1.885E+05
3.42	1.886E+05
3.71	1.886E+05
3.99	1.885E+05
4.28	1.886E+05
4.57	1.885E+05
5.47	1.885E+05
5.76	1.885E+05
6.04	1.885E+05
6.33	1.885E+05
6.61	1.885E+05
6.90	1.885E+05
7.21	1.885E+05
7.50	1.885E+05
7.81	1.885E+05
8.10	1.885E+05
8.38	1.885E+05
8.66	1.885E+05
8.92	1.885E+05
9.23	1.885E+05
9.52	1.885E+05
9.81	1.885E+05
10.09	1.885E+05
10.40	1.885E+05
10.69	1.885E+05
10.97	1.885E+05
11.26	1.885E+05
11.54	1.885E+05
11.83	1.885E+05
12.14	1.885E+05
12.43	1.885E+05
12.71	1.885E+05
13.02	1.885E+05
13.31	1.885E+05
13.59	1.885E+05
13.87	1.885E+05
14.16	1.885E+05
14.44	1.885E+05
14.72	1.885E+05
15.01	1.885E+05
15.33	1.885E+05
15.61	1.886E+05
15.90	1.886E+05
16.18	1.886E+05
16.47	1.886E+05
16.75	1.887E+05
17.04	1.887E+05
17.32	1.887E+05
17.64	1.888E+05
17.93	1.888E+05
18.21	1.889E+05
18.52	1.890E+05
18.81	1.890E+05
19.09	1.891E+05
19.38	1.892E+05
19.69	1.893E+05
19.98	1.895E+05
20.27	1.896E+05
20.55	1.897E+05
20.84	1.898E+05
21.12	1.899E+05
21.41	1.901E+05
21.69	1.902E+05
21.98	1.903E+05
22.27	1.905E+05
22.55	1.907E+05
22.84	1.908E+05
23.13	1.910E+05
23.41	1.912E+05
23.70	1.913E+05
23.99	1.915E+05
24.30	1.917E+05
24.58	1.919E+05
24.87	1.921E+05
25.16	1.923E+05
25.45	1.925E+05
25.74	1.927E+05
26.05	1.929E+05
26.36	1.932E+05
26.68	1.934E+05
26.96	1.936E+05
27.27	1.938E+05
27.56	1.941E+05
27.85	1.944E+05
28.14	1.946E+05
28.43	1.948E+05
28.71	1.950E+05
29.03	1.953E+05
29.31	1.955E+05
29.62	1.958E+05
29.91	1.960E+05
30.22	1.963E+05
30.53	1.965E+05
30.82	1.968E+05
31.11	1.971E+05
31.42	1.973E+05
31.73	1.976E+05
32.02	1.979E+05
32.31	1.981E+05
32.62	1.984E+05
32.93	1.986E+05
33.22	1.989E+05
33.51	1.992E+05
33.82	1.994E+05
34.11	1.997E+05
34.42	2.000E+05
34.73	2.002E+05
35.05	2.005E+05
35.36	2.008E+05
35.67	2.010E+05
35.97	2.013E+05
36.28	2.016E+05
36.59	2.019E+05
36.90	2.022E+05
37.21	2.024E+05
37.53	2.026E+05
37.84	2.029E+05
38.15	2.032E+05
38.47	2.035E+05
38.79	2.037E+05
39.10	2.040E+05
39.41	2.042E+05
39.72	2.046E+05
40.04	2.048E+05
40.35	2.050E+05
40.66	2.053E+05
41.00	2.056E+05
41.32	2.058E+05
41.61	2.061E+05
41.90	2.063E+05
42.21	2.066E+05
42.52	2.068E+05
42.83	2.070E+05
43.15	2.073E+05
43.46	2.075E+05
43.78	2.078E+05
44.09	2.080E+05
44.37	2.082E+05
44.69	2.084E+05
45.00	2.087E+05
45.31	2.089E+05
45.63	2.092E+05
45.94	2.094E+05
46.28	2.096E+05
46.60	2.099E+05
46.91	2.101E+05
47.22	2.103E+05
47.53	2.105E+05
47.85	2.107E+05
48.16	2.109E+05
48.47	2.111E+05
48.79	2.113E+05
49.11	2.115E+05
49.42	2.117E+05
49.73	2.120E+05
50.04	2.122E+05
50.36	2.123E+05
50.67	2.125E+05
50.98	2.127E+05
51.29	2.129E+05
51.61	2.130E+05
51.93	2.132E+05
52.24	2.134E+05
52.55	2.136E+05
52.87	2.138E+05
53.18	2.139E+05
53.49	2.140E+05
53.81	2.142E+05
54.12	2.144E+05
54.43	2.145E+05
54.77	2.147E+05
55.09	2.148E+05
55.40	2.150E+05
55.71	2.151E+05
56.03	2.153E+05
56.34	2.154E+05
56.65	2.155E+05
56.97	2.157E+05
57.28	2.158E+05
57.62	2.159E+05
57.94	2.161E+05
58.25	2.161E+05
58.56	2.163E+05
58.90	2.164E+05
59.22	2.165E+05
59.53	2.166E+05
59.85	2.168E+05
60.19	2.168E+05
60.50	2.169E+05
60.82	2.170E+05
61.15	2.171E+05
61.49	2.172E+05
61.81	2.173E+05
62.15	2.174E+05
62.46	2.175E+05
62.78	2.175E+05
63.09	2.177E+05
63.40	2.177E+05
63.74	2.178E+05
64.08	2.178E+05
64.42	2.179E+05
64.74	2.180E+05
65.05	2.181E+05
65.39	2.181E+05
65.73	2.182E+05
66.07	2.182E+05
66.38	2.183E+05
66.69	2.183E+05
67.00	2.183E+05
67.34	2.184E+05
67.66	2.184E+05
68.00	2.184E+05
68.33	2.185E+05
68.67	2.185E+05
68.98	2.186E+05
69.32	2.186E+05
69.66	2.186E+05
69.98	2.186E+05
70.32	2.186E+05
70.65	2.186E+05
70.99	2.186E+05
71.30	2.186E+05
71.64	2.187E+05
71.98	2.186E+05
72.32	2.186E+05
72.67	2.186E+05
73.01	2.186E+05
73.35	2.186E+05
73.68	2.186E+05
74.05	2.186E+05
74.39	2.186E+05
74.72	2.186E+05
75.07	2.185E+05
75.41	2.185E+05
75.74	2.185E+05
76.09	2.184E+05
76.42	2.184E+05
76.76	2.184E+05
77.10	2.183E+05
77.44	2.183E+05
77.79	2.183E+05
78.12	2.182E+05
78.46	2.182E+05
78.80	2.182E+05
79.14	2.181E+05
79.48	2.181E+05
79.82	2.180E+05
80.16	2.179E+05
80.50	2.179E+05
80.84	2.178E+05
81.18	2.178E+05
81.52	2.177E+05
81.86	2.177E+05
82.20	2.177E+05
82.54	2.176E+05
82.89	2.175E+05
83.23	2.175E+05
83.57	2.174E+05
83.90	2.173E+05
84.24	2.173E+05
84.58	2.171E+05
84.92	2.171E+05
85.26	2.170E+05
85.60	2.170E+05
85.92	2.169E+05
86.25	2.169E+05
86.59	2.168E+05
86.93	2.167E+05
87.27	2.166E+05
87.64	2.166E+05
87.98	2.165E+05
88.35	2.164E+05
88.69	2.164E+05
89.03	2.162E+05
89.37	2.162E+05
89.71	2.161E+05
90.05	2.160E+05
90.38	2.160E+05
90.73	2.159E+05
91.07	2.158E+05
91.41	2.157E+05
91.75	2.157E+05
92.09	2.156E+05
92.42	2.155E+05
92.76	2.154E+05
93.11	2.154E+05
93.48	2.153E+05
93.82	2.152E+05
94.15	2.151E+05
94.49	2.150E+05
94.83	2.150E+05
95.17	2.149E+05
95.54	2.148E+05
95.88	2.147E+05
96.22	2.146E+05
96.58	2.146E+05
96.93	2.145E+05
97.26	2.144E+05
97.60	2.143E+05
97.95	2.142E+05
98.29	2.141E+05
98.63	2.141E+05
98.97	2.140E+05
99.31	2.139E+05
99.65	2.139E+05
99.99	2.138E+05
100.35	2.137E+05
100.69	2.136E+05
101.01	2.135E+05
101.35	2.135E+05
101.72	2.134E+05
102.05	2.133E+05
102.39	2.133E+05
102.73	2.132E+05
103.07	2.131E+05
103.41	2.131E+05
103.75	2.130E+05
104.09	2.129E+05
104.43	2.128E+05
104.77	2.128E+05
105.11	2.127E+05
105.45	2.127E+05
105.82	2.126E+05
106.16	2.125E+05
106.50	2.124E+05
106.87	2.124E+05
107.21	2.123E+05
107.57	2.122E+05
107.94	2.122E+05
108.28	2.122E+05
108.64	2.121E+05
108.99	2.120E+05
109.33	2.119E+05
109.69	2.118E+05
110.06	2.118E+05
110.40	2.117E+05
110.74	2.117E+05
111.11	2.116E+05
111.48	2.116E+05
111.82	2.115E+05
112.18	2.115E+05
112.52	2.114E+05
112.86	2.114E+05
113.23	2.113E+05
113.57	2.112E+05
113.91	2.112E+05
114.28	2.111E+05
114.67	2.111E+05
115.01	2.110E+05
115.35	2.110E+05
115.69	2.110E+05
117.32	2.108E+05
117.66	2.107E+05
118.00	2.107E+05
118.37	2.107E+05
118.71	2.106E+05
119.05	2.105E+05
119.42	2.105E+05
119.78	2.105E+05
120.15	2.104E+05
120.51	2.104E+05
120.88	2.104E+05
121.22	2.103E+05
121.58	2.103E+05
121.96	2.103E+05
122.29	2.102E+05
122.69	2.102E+05
123.05	2.102E+05
123.77	2.101E+05
124.10	2.101E+05
124.45	2.100E+05
124.84	2.100E+05
125.21	2.100E+05
125.54	2.100E+05
125.91	2.100E+05
126.25	2.099E+05
126.61	2.099E+05
127.02	2.099E+05
127.38	2.098E+05
127.75	2.099E+05
128.14	2.098E+05
128.51	2.098E+05
128.87	2.098E+05
129.21	2.097E+05
129.58	2.097E+05
129.95	2.097E+05
130.31	2.097E+05
130.67	2.097E+05
131.01	2.096E+05
131.38	2.096E+05
131.74	2.096E+05
132.09	2.096E+05
132.45	2.096E+05
132.82	2.096E+05
133.16	2.096E+05
133.52	2.095E+05
133.89	2.095E+05
134.26	2.095E+05
134.62	2.095E+05
134.99	2.095E+05
135.36	2.095E+05
135.72	2.095E+05
136.09	2.095E+05
136.45	2.095E+05
136.82	2.095E+05
137.19	2.094E+05
137.56	2.095E+05
137.93	2.094E+05
138.29	2.094E+05
138.66	2.094E+05
139.02	2.094E+05
139.38	2.094E+05
139.76	2.094E+05
140.12	2.094E+05
140.48	2.094E+05
140.85	2.094E+05
141.21	2.094E+05
141.58	2.094E+05
141.94	2.094E+05
142.31	2.094E+05
142.68	2.094E+05
143.07	2.094E+05
143.46	2.094E+05
144.25	2.094E+05
144.62	2.094E+05
144.99	2.094E+05
145.36	2.094E+05
145.72	2.094E+05
146.11	2.094E+05
146.48	2.094E+05
146.84	2.094E+05
147.24	2.094E+05
147.96	2.095E+05
148.32	2.095E+05
148.69	2.095E+05
149.05	2.095E+05
149.42	2.095E+05
149.81	2.095E+05
150.18	2.095E+05
150.54	2.095E+05
150.91	2.095E+05
151.27	2.095E+05
151.64	2.095E+05
152.00	2.095E+05
152.40	2.095E+05
152.79	2.095E+05
153.16	2.095E+05
153.55	2.096E+05
153.94	2.095E+05
154.71	2.096E+05
155.46	2.096E+05
155.83	2.096E+05
156.22	2.096E+05
156.58	2.096E+05
156.95	2.096E+05
157.32	2.096E+05
157.71	2.096E+05
158.08	2.096E+05
158.44	2.097E+05
158.84	2.097E+05
159.23	2.097E+05
159.62	2.097E+05
159.99	2.097E+05
160.35	2.097E+05
160.72	2.097E+05
161.09	2.097E+05
161.48	2.097E+05
161.84	2.097E+05
162.21	2.098E+05
162.60	2.097E+05
162.98	2.097E+05
163.37	2.098E+05
163.76	2.097E+05
164.13	2.098E+05
164.52	2.098E+05
164.91	2.098E+05
165.30	2.098E+05
165.70	2.098E+05
166.07	2.099E+05
166.44	2.099E+05
166.80	2.099E+05
167.22	2.099E+05
167.61	2.099E+05
168.01	2.099E+05
168.40	2.099E+05
168.79	2.099E+05
169.19	2.099E+05
169.58	2.099E+05
169.97	2.099E+05
170.36	2.100E+05
170.74	2.100E+05
171.13	2.099E+05
171.52	2.099E+05
171.88	2.099E+05
172.28	2.100E+05
172.67	2.100E+05
173.06	2.100E+05
173.46	2.100E+05
173.85	2.100E+05
174.24	2.100E+05
174.63	2.100E+05
236.97	2.103E+05
237.38	2.103E+05
237.78	2.103E+05
238.20	2.103E+05
238.59	2.103E+05
239.01	2.103E+05
239.40	2.103E+05
239.80	2.103E+05
240.22	2.103E+05
240.61	2.103E+05
241.00	2.103E+05
241.39	2.102E+05
241.78	2.103E+05
