Time (s)	O2 conc. (ppm)
0.10	1.902E+05	21.0
0.66	1.902E+05	21.0
2.93	1.902E+05	21.0
3.24	1.902E+05	21.0
3.52	1.902E+05	21.0
3.81	1.902E+05	21.0
4.09	1.902E+05	21.0
4.43	1.902E+05	21.0
4.72	1.902E+05	21.0
5.00	1.902E+05	21.0
5.29	1.902E+05	21.0
5.58	1.902E+05	21.0
5.86	1.902E+05	21.0
6.15	1.902E+05	21.0
6.43	1.902E+05	21.0
6.74	1.902E+05	21.0
7.03	1.902E+05	21.0
7.31	1.902E+05	21.0
7.59	1.902E+05	21.0
7.91	1.902E+05	21.0
8.23	1.902E+05	21.0
8.51	1.902E+05	21.0
8.79	1.902E+05	21.0
9.10	1.902E+05	21.0
9.39	1.902E+05	21.0
9.67	1.902E+05	21.0
9.95	1.902E+05	21.0
10.24	1.902E+05	21.0
10.52	1.902E+05	21.0
10.81	1.902E+05	21.0
11.10	1.902E+05	21.0
11.41	1.902E+05	21.0
11.69	1.902E+05	21.0
12.00	1.902E+05	21.0
12.29	1.902E+05	21.0
12.62	1.902E+05	21.0
12.91	1.902E+05	21.0
13.19	1.902E+05	21.0
13.48	1.902E+05	21.0
13.77	1.902E+05	21.0
14.08	1.902E+05	21.0
14.36	1.902E+05	21.0
14.67	1.902E+05	21.0
14.99	1.902E+05	21.0
15.30	1.902E+05	21.0
15.61	1.903E+05	21.0
15.89	1.903E+05	21.0
16.19	1.903E+05	21.0
16.52	1.903E+05	21.0
16.81	1.904E+05	21.0
17.09	1.904E+05	21.0
17.40	1.905E+05	21.0
17.69	1.905E+05	21.0
17.98	1.905E+05	21.0
18.29	1.906E+05	21.0
18.60	1.906E+05	21.0
18.89	1.907E+05	21.0
19.17	1.908E+05	21.0
19.48	1.909E+05	21.0
19.80	1.909E+05	21.0
20.11	1.910E+05	21.0
20.42	1.911E+05	21.0
20.73	1.912E+05	21.0
21.04	1.913E+05	21.0
21.34	1.914E+05	21.0
21.62	1.916E+05	21.0
21.91	1.917E+05	21.0
22.22	1.918E+05	21.0
22.50	1.920E+05	21.0
22.79	1.921E+05	21.0
23.08	1.922E+05	21.0
23.39	1.924E+05	21.0
23.70	1.926E+05	21.0
23.99	1.928E+05	21.0
24.28	1.929E+05	21.0
24.59	1.931E+05	21.0
24.91	1.933E+05	21.0
25.22	1.935E+05	21.0
25.56	1.937E+05	21.0
25.87	1.938E+05	21.0
26.21	1.941E+05	21.0
26.53	1.943E+05	21.0
26.82	1.945E+05	21.0
27.13	1.947E+05	21.0
27.47	1.949E+05	21.0
27.78	1.951E+05	21.0
28.10	1.954E+05	21.0
28.41	1.956E+05	21.0
28.72	1.958E+05	21.0
29.04	1.960E+05	21.0
29.35	1.962E+05	21.0
29.66	1.965E+05	21.0
29.98	1.967E+05	21.0
30.31	1.970E+05	21.0
30.63	1.972E+05	21.0
30.94	1.974E+05	21.0
31.25	1.977E+05	21.0
31.56	1.979E+05	21.0
31.85	1.981E+05	21.0
32.17	1.983E+05	21.0
32.48	1.986E+05	21.0
32.79	1.988E+05	21.0
33.10	1.991E+05	21.0
33.42	1.993E+05	21.0
33.73	1.995E+05	21.0
34.07	1.998E+05	21.0
34.39	2.000E+05	21.0
34.70	2.002E+05	21.0
35.02	2.005E+05	21.0
35.33	2.007E+05	21.0
35.64	2.010E+05	21.0
35.96	2.012E+05	21.0
36.27	2.014E+05	21.0
36.58	2.016E+05	21.0
36.90	2.019E+05	21.0
37.21	2.021E+05	21.0
37.55	2.023E+05	21.0
37.86	2.025E+05	21.0
38.17	2.028E+05	21.0
38.51	2.030E+05	21.0
38.83	2.032E+05	21.0
39.17	2.035E+05	21.0
39.49	2.037E+05	21.0
39.83	2.039E+05	21.0
40.14	2.042E+05	21.0
40.45	2.044E+05	21.0
40.76	2.046E+05	21.0
41.10	2.048E+05	21.0
41.42	2.050E+05	21.0
41.73	2.052E+05	21.0
42.02	2.054E+05	21.0
42.33	2.056E+05	21.0
42.65	2.058E+05	21.0
42.96	2.060E+05	21.0
43.27	2.062E+05	21.0
43.59	2.064E+05	21.0
43.90	2.066E+05	21.0
44.21	2.068E+05	21.0
44.52	2.070E+05	21.0
44.85	2.072E+05	21.0
45.16	2.073E+05	21.0
45.47	2.075E+05	21.0
45.78	2.077E+05	21.0
46.10	2.079E+05	21.0
46.41	2.080E+05	21.0
46.75	2.082E+05	21.0
47.06	2.084E+05	21.0
47.39	2.086E+05	21.0
47.72	2.088E+05	21.0
48.03	2.089E+05	21.0
48.35	2.091E+05	21.0
48.66	2.092E+05	21.0
49.00	2.094E+05	21.0
49.31	2.095E+05	21.0
49.63	2.097E+05	21.0
49.95	2.099E+05	21.0
50.26	2.100E+05	21.0
50.55	2.101E+05	21.0
50.83	2.102E+05	21.0
51.17	2.104E+05	21.0
51.49	2.105E+05	21.0
51.80	2.106E+05	21.0
52.11	2.108E+05	21.0
52.45	2.109E+05	21.0
52.77	2.110E+05	21.0
53.08	2.111E+05	21.0
53.40	2.112E+05	21.0
53.73	2.114E+05	21.0
54.05	2.115E+05	21.0
54.36	2.116E+05	21.0
54.67	2.117E+05	21.0
54.99	2.118E+05	21.0
55.30	2.119E+05	21.0
55.62	2.120E+05	21.0
55.93	2.121E+05	21.0
56.24	2.121E+05	21.0
56.55	2.123E+05	21.0
56.87	2.124E+05	21.0
57.21	2.124E+05	21.0
57.52	2.125E+05	21.0
57.84	2.126E+05	21.0
58.15	2.127E+05	21.0
58.46	2.127E+05	21.0
58.80	2.128E+05	21.0
59.11	2.129E+05	21.0
59.42	2.129E+05	21.0
59.73	2.130E+05	21.0
60.06	2.130E+05	21.0
60.37	2.131E+05	21.0
60.68	2.132E+05	21.0
60.99	2.132E+05	21.0
61.33	2.133E+05	21.0
61.64	2.133E+05	21.0
61.98	2.134E+05	21.0
62.35	2.134E+05	21.0
62.66	2.134E+05	21.0
62.98	2.135E+05	21.0
63.29	2.135E+05	21.0
63.62	2.135E+05	21.0
63.93	2.136E+05	21.0
64.25	2.136E+05	21.0
64.56	2.136E+05	21.0
64.90	2.137E+05	21.0
65.21	2.137E+05	21.0
65.55	2.137E+05	21.0
65.87	2.137E+05	21.0
66.18	2.138E+05	21.0
66.52	2.138E+05	21.0
66.83	2.138E+05	21.0
67.16	2.138E+05	21.0
67.47	2.138E+05	21.0
67.78	2.138E+05	21.0
68.10	2.138E+05	21.0
68.44	2.138E+05	21.0
68.75	2.138E+05	21.0
69.06	2.138E+05	21.0
69.37	2.138E+05	21.0
69.71	2.138E+05	21.0
70.02	2.138E+05	21.0
70.34	2.138E+05	21.0
70.68	2.138E+05	21.0
71.05	2.138E+05	21.0
71.36	2.138E+05	21.0
71.67	2.137E+05	21.0
72.01	2.138E+05	21.0
72.34	2.137E+05	21.0
72.65	2.137E+05	21.0
72.99	2.137E+05	21.0
73.31	2.136E+05	21.0
73.65	2.136E+05	21.0
73.96	2.136E+05	21.0
74.27	2.136E+05	21.0
74.58	2.136E+05	21.0
74.93	2.135E+05	21.0
75.26	2.135E+05	21.0
75.57	2.135E+05	21.0
75.89	2.135E+05	21.0
76.20	2.134E+05	21.0
76.54	2.134E+05	21.0
76.85	2.134E+05	21.0
77.16	2.134E+05	21.0
77.50	2.133E+05	21.0
77.82	2.133E+05	21.0
78.15	2.133E+05	21.0
78.47	2.132E+05	21.0
78.81	2.132E+05	21.0
79.12	2.131E+05	21.0
79.46	2.131E+05	21.0
79.80	2.130E+05	21.0
80.14	2.130E+05	21.0
80.45	2.130E+05	21.0
80.79	2.129E+05	21.0
81.14	2.129E+05	21.0
81.45	2.128E+05	21.0
81.79	2.128E+05	21.0
82.13	2.128E+05	21.0
82.44	2.127E+05	21.0
82.77	2.127E+05	21.0
83.08	2.127E+05	21.0
83.40	2.126E+05	21.0
83.71	2.126E+05	21.0
84.03	2.125E+05	21.0
84.34	2.125E+05	21.0
84.68	2.124E+05	21.0
85.02	2.124E+05	21.0
85.33	2.124E+05	21.0
85.66	2.124E+05	21.0
85.97	2.123E+05	21.0
86.29	2.122E+05	21.0
86.61	2.122E+05	21.0
86.94	2.122E+05	21.0
87.28	2.121E+05	21.0
87.59	2.121E+05	21.0
87.91	2.120E+05	21.0
88.25	2.120E+05	21.0
88.55	2.120E+05	21.0
88.87	2.119E+05	21.0
89.19	2.119E+05	21.0
89.52	2.118E+05	21.0
89.86	2.118E+05	21.0
90.20	2.118E+05	21.0
90.54	2.117E+05	21.0
90.88	2.117E+05	21.0
91.22	2.116E+05	21.0
91.59	2.116E+05	21.0
91.93	2.116E+05	21.0
92.27	2.115E+05	21.0
92.61	2.115E+05	21.0
92.92	2.114E+05	21.0
93.26	2.114E+05	21.0
93.60	2.114E+05	21.0
93.94	2.113E+05	21.0
94.28	2.112E+05	21.0
94.62	2.112E+05	21.0
94.99	2.112E+05	21.0
95.33	2.112E+05	21.0
95.64	2.111E+05	21.0
95.98	2.111E+05	21.0
96.31	2.110E+05	21.0
96.63	2.110E+05	21.0
97.00	2.110E+05	21.0
97.34	2.109E+05	21.0
97.67	2.109E+05	21.0
98.04	2.109E+05	21.0
98.38	2.109E+05	21.0
98.72	2.108E+05	21.0
99.08	2.108E+05	21.0
99.40	2.107E+05	21.0
99.74	2.108E+05	21.0
100.10	2.107E+05	21.0
100.44	2.107E+05	21.0
100.81	2.106E+05	21.0
101.15	2.106E+05	21.0
101.49	2.106E+05	21.0
101.83	2.105E+05	21.0
102.20	2.105E+05	21.0
102.53	2.105E+05	21.0
102.87	2.105E+05	21.0
103.24	2.104E+05	21.0
103.58	2.104E+05	21.0
103.92	2.104E+05	21.0
104.28	2.104E+05	21.0
104.60	2.103E+05	21.0
104.94	2.103E+05	21.0
105.28	2.103E+05	21.0
105.64	2.103E+05	21.0
105.98	2.103E+05	21.0
106.32	2.103E+05	21.0
106.68	2.102E+05	21.0
107.03	2.102E+05	21.0
107.36	2.102E+05	21.0
107.73	2.102E+05	21.0
108.07	2.102E+05	21.0
108.43	2.101E+05	21.0
108.77	2.101E+05	21.0
109.11	2.101E+05	21.0
109.45	2.101E+05	21.0
109.79	2.101E+05	21.0
110.13	2.101E+05	21.0
110.49	2.101E+05	21.0
110.86	2.101E+05	21.0
111.20	2.100E+05	21.0
111.54	2.100E+05	21.0
111.90	2.100E+05	21.0
112.25	2.100E+05	21.0
112.59	2.100E+05	21.0
112.93	2.100E+05	21.0
113.27	2.100E+05	21.0
113.60	2.100E+05	21.0
113.94	2.099E+05	21.0
114.31	2.099E+05	21.0
114.65	2.099E+05	21.0
115.02	2.099E+05	21.0
115.36	2.099E+05	21.0
115.69	2.099E+05	21.0
116.03	2.099E+05	21.0
116.37	2.099E+05	21.0
116.70	2.099E+05	21.0
117.07	2.099E+05	21.0
117.41	2.099E+05	21.0
117.75	2.099E+05	21.0
118.09	2.099E+05	21.0
118.43	2.099E+05	21.0
118.77	2.099E+05	21.0
119.10	2.099E+05	21.0
119.44	2.099E+05	21.0
119.81	2.099E+05	21.0
120.15	2.099E+05	21.0
120.49	2.099E+05	21.0
120.83	2.099E+05	21.0
121.17	2.099E+05	21.0
121.50	2.099E+05	21.0
121.87	2.099E+05	21.0
122.24	2.099E+05	21.0
122.60	2.099E+05	21.0
122.95	2.099E+05	21.0
123.31	2.099E+05	21.0
123.65	2.099E+05	21.0
124.01	2.099E+05	21.0
124.38	2.099E+05	21.0
124.77	2.099E+05	21.0
125.13	2.099E+05	21.0
125.50	2.099E+05	21.0
125.87	2.099E+05	21.0
126.23	2.099E+05	21.0
126.60	2.099E+05	21.0
126.94	2.099E+05	21.0
127.30	2.099E+05	21.0
127.64	2.099E+05	21.0
128.01	2.099E+05	21.0
128.34	2.099E+05	21.0
128.71	2.099E+05	21.0
129.08	2.099E+05	21.0
129.41	2.099E+05	21.0
129.75	2.099E+05	21.0
130.09	2.099E+05	21.0
130.44	2.099E+05	21.0
130.77	2.100E+05	21.0
131.14	2.100E+05	21.0
131.51	2.099E+05	21.0
131.88	2.099E+05	21.0
132.24	2.100E+05	21.0
132.61	2.100E+05	21.0
132.98	2.100E+05	21.0
133.37	2.100E+05	21.0
133.73	2.100E+05	21.0
134.10	2.100E+05	21.0
134.47	2.100E+05	21.0
134.83	2.100E+05	21.0
135.20	2.100E+05	21.0
135.57	2.100E+05	21.0
135.93	2.100E+05	21.0
136.30	2.101E+05	21.0
136.66	2.101E+05	21.0
137.03	2.101E+05	21.0
137.39	2.101E+05	21.0
137.76	2.101E+05	21.0
138.16	2.101E+05	21.0
138.52	2.101E+05	21.0
138.89	2.101E+05	21.0
139.25	2.101E+05	21.0
139.62	2.101E+05	21.0
140.01	2.101E+05	21.0
140.37	2.101E+05	21.0
140.74	2.102E+05	21.0
141.11	2.101E+05	21.0
141.47	2.101E+05	21.0
141.84	2.102E+05	21.0
142.20	2.101E+05	21.0
142.57	2.101E+05	21.0
142.94	2.102E+05	21.0
143.34	2.102E+05	21.0
143.72	2.102E+05	21.0
144.09	2.102E+05	21.0
144.45	2.102E+05	21.0
144.82	2.102E+05	21.0
145.18	2.102E+05	21.0
145.55	2.102E+05	21.0
145.92	2.102E+05	21.0
146.29	2.102E+05	21.0
146.65	2.102E+05	21.0
147.01	2.102E+05	21.0
147.41	2.103E+05	21.0
147.77	2.102E+05	21.0
148.14	2.103E+05	21.0
148.51	2.102E+05	21.0
148.87	2.102E+05	21.0
149.24	2.102E+05	21.0
149.60	2.102E+05	21.0
149.99	2.103E+05	21.0
150.36	2.102E+05	21.0
150.76	2.103E+05	21.0
151.13	2.103E+05	21.0
151.50	2.103E+05	21.0
151.86	2.103E+05	21.0
152.23	2.103E+05	21.0
152.59	2.103E+05	21.0
152.98	2.103E+05	21.0
153.37	2.103E+05	21.0
153.74	2.103E+05	21.0
154.11	2.103E+05	21.0
154.47	2.103E+05	21.0
154.84	2.103E+05	21.0
155.23	2.103E+05	21.0
155.59	2.103E+05	21.0
155.96	2.103E+05	21.0
156.33	2.103E+05	21.0
156.69	2.103E+05	21.0
157.06	2.103E+05	21.0
157.45	2.103E+05	21.0
157.82	2.103E+05	21.0
158.21	2.103E+05	21.0
158.60	2.103E+05	21.0
159.00	2.103E+05	21.0
159.36	2.103E+05	21.0
159.75	2.103E+05	21.0
160.12	2.103E+05	21.0
160.48	2.103E+05	21.0
160.85	2.103E+05	21.0
161.24	2.103E+05	21.0
161.64	2.103E+05	21.0
162.03	2.103E+05	21.0
162.42	2.103E+05	21.0
162.81	2.103E+05	21.0
163.21	2.103E+05	21.0
163.60	2.103E+05	21.0
163.99	2.103E+05	21.0
164.39	2.103E+05	21.0
164.75	2.103E+05	21.0
165.12	2.103E+05	21.0
165.51	2.103E+05	21.0
165.90	2.103E+05	21.0
166.29	2.103E+05	21.0
166.69	2.103E+05	21.0
167.08	2.103E+05	21.0
167.47	2.103E+05	21.0
167.87	2.103E+05	21.0
168.29	2.103E+05	21.0
168.68	2.103E+05	21.0
169.07	2.103E+05	21.0
169.47	2.103E+05	21.0
169.86	2.103E+05	21.0
170.25	2.103E+05	21.0
170.64	2.103E+05	21.0
171.04	2.103E+05	21.0
171.43	2.103E+05	21.0
171.85	2.103E+05	21.0
172.24	2.103E+05	21.0
172.63	2.103E+05	21.0
173.02	2.103E+05	21.0
173.42	2.103E+05	21.0
173.81	2.103E+05	21.0
174.20	2.103E+05	21.0
174.57	2.103E+05	21.0
174.96	2.103E+05	21.0
175.35	2.103E+05	21.0
175.74	2.103E+05	21.0
176.14	2.103E+05	21.0
176.53	2.103E+05	21.0
176.92	2.103E+05	21.0
177.34	2.103E+05	21.0
177.73	2.103E+05	21.0
178.13	2.103E+05	21.0
178.52	2.103E+05	21.0
178.91	2.103E+05	21.0
179.30	2.103E+05	21.0
179.72	2.103E+05	21.0
180.12	2.103E+05	21.0
180.51	2.103E+05	21.0
180.90	2.103E+05	21.0
181.29	2.103E+05	21.0
181.71	2.103E+05	21.0
182.10	2.103E+05	21.0
182.53	2.103E+05	21.0
182.92	2.103E+05	21.0
183.31	2.103E+05	21.0
183.70	2.103E+05	21.0
184.09	2.103E+05	21.0
184.48	2.103E+05	21.0
184.88	2.103E+05	21.0
185.27	2.103E+05	21.0
185.69	2.103E+05	21.0
186.08	2.103E+05	21.0
186.47	2.103E+05	21.0
186.87	2.103E+05	21.0
187.26	2.103E+05	21.0
187.65	2.103E+05	21.0
188.07	2.103E+05	21.0
188.46	2.103E+05	21.0
188.86	2.103E+05	21.0
189.25	2.103E+05	21.0
189.64	2.103E+05	21.0
190.07	2.103E+05	21.0
190.46	2.103E+05	21.0
190.85	2.103E+05	21.0
191.27	2.103E+05	21.0
191.69	2.103E+05	21.0
192.08	2.103E+05	21.0
192.47	2.103E+05	21.0
192.87	2.103E+05	21.0
193.28	2.103E+05	21.0
193.70	2.103E+05	21.0
194.09	2.103E+05	21.0
194.51	2.103E+05	21.0
194.93	2.103E+05	21.0
195.33	2.103E+05	21.0
195.75	2.103E+05	21.0
196.17	2.103E+05	21.0
196.58	2.103E+05	21.0
196.98	2.103E+05	21.0
197.40	2.103E+05	21.0
231.57	2.101E+05	21.0
231.96	2.101E+05	21.0
232.35	2.102E+05	21.0
