Time (s)	O2 conc. (ppm)
0.10	1.890E+05	21.0
0.63	1.890E+05	18.9
1.98	1.890E+05	18.9
2.29	1.890E+05	18.9
2.60	1.890E+05	18.9
2.88	1.890E+05	18.9
3.17	1.890E+05	18.9
3.45	1.890E+05	18.9
3.74	1.890E+05	18.9
4.02	1.890E+05	18.9
4.31	1.890E+05	18.9
4.60	1.890E+05	18.9
4.88	1.890E+05	18.9
5.16	1.890E+05	18.9
5.45	1.890E+05	18.9
5.73	1.890E+05	18.9
6.04	1.890E+05	18.9
6.33	1.890E+05	18.9
6.61	1.890E+05	18.9
6.90	1.890E+05	18.9
7.19	1.890E+05	18.9
7.47	1.890E+05	18.9
7.76	1.890E+05	18.9
8.04	1.890E+05	18.9
8.35	1.890E+05	18.9
8.64	1.890E+05	18.9
8.92	1.890E+05	18.9
9.20	1.890E+05	18.9
9.52	1.890E+05	18.9
9.81	1.890E+05	18.9
10.09	1.890E+05	18.9
10.38	1.890E+05	18.9
10.66	1.890E+05	18.9
10.94	1.890E+05	18.9
11.23	1.890E+05	18.9
11.51	1.890E+05	18.9
11.79	1.890E+05	18.9
12.11	1.890E+05	18.9
12.43	1.890E+05	18.9
12.71	1.890E+05	18.9
12.99	1.890E+05	18.9
13.28	1.890E+05	18.9
15.94	1.891E+05	18.9
16.22	1.891E+05	18.91
16.53	1.891E+05	18.91
16.85	1.892E+05	18.91
17.15	1.892E+05	18.92
17.47	1.893E+05	18.92
17.75	1.894E+05	18.93
18.07	1.894E+05	18.94
18.38	1.895E+05	18.94
18.69	1.896E+05	18.95
18.98	1.897E+05	18.96
19.26	1.897E+05	18.97
19.57	1.899E+05	18.97
19.87	1.900E+05	18.99
20.15	1.900E+05	19.0
20.47	1.902E+05	19.0
20.78	1.903E+05	19.02
21.06	1.904E+05	19.03
21.35	1.906E+05	19.04
21.64	1.907E+05	19.06
21.95	1.908E+05	19.07
22.23	1.910E+05	19.08
22.53	1.911E+05	19.1
22.81	1.913E+05	19.11
23.10	1.914E+05	19.13
23.38	1.916E+05	19.14
23.67	1.917E+05	19.16
23.98	1.919E+05	19.17
24.29	1.921E+05	19.19
24.61	1.923E+05	19.21
24.89	1.925E+05	19.23
25.18	1.927E+05	19.25
25.49	1.929E+05	19.27
25.78	1.931E+05	19.29
26.09	1.933E+05	19.31
26.38	1.935E+05	19.33
26.66	1.937E+05	19.35
26.95	1.939E+05	19.37
27.24	1.941E+05	19.39
27.55	1.943E+05	19.41
27.87	1.945E+05	19.43
28.16	1.947E+05	19.45
28.47	1.949E+05	19.47
28.78	1.952E+05	19.49
29.09	1.954E+05	19.52
29.38	1.956E+05	19.54
29.69	1.959E+05	19.56
30.00	1.960E+05	19.59
30.30	1.962E+05	19.6
30.58	1.965E+05	19.62
30.89	1.967E+05	19.65
31.20	1.970E+05	19.67
31.52	1.972E+05	19.7
31.83	1.974E+05	19.72
32.17	1.976E+05	19.74
32.48	1.978E+05	19.76
32.79	1.981E+05	19.78
33.11	1.983E+05	19.81
33.40	1.985E+05	19.83
33.71	1.987E+05	19.85
34.02	1.989E+05	19.87
34.34	1.992E+05	19.89
34.65	1.994E+05	19.92
34.96	1.996E+05	19.94
35.27	1.998E+05	19.96
35.59	2.000E+05	19.98
35.90	2.002E+05	20.0
36.22	2.005E+05	20.02
36.56	2.007E+05	20.05
36.87	2.009E+05	20.07
37.18	2.011E+05	20.09
37.47	2.013E+05	20.11
37.81	2.015E+05	20.13
38.12	2.017E+05	20.15
38.44	2.019E+05	20.17
38.76	2.020E+05	20.19
39.07	2.022E+05	20.2
39.38	2.024E+05	20.22
39.69	2.026E+05	20.24
40.00	2.028E+05	20.26
40.32	2.030E+05	20.28
40.66	2.032E+05	20.3
40.98	2.033E+05	20.32
41.29	2.035E+05	20.33
41.60	2.037E+05	20.35
41.89	2.038E+05	20.37
42.20	2.040E+05	20.38
42.51	2.041E+05	20.4
42.83	2.043E+05	20.41
43.14	2.045E+05	20.43
43.43	2.046E+05	20.45
43.75	2.048E+05	20.46
44.06	2.049E+05	20.48
44.37	2.051E+05	20.49
44.69	2.052E+05	20.51
44.97	2.054E+05	20.52
45.28	2.055E+05	20.54
45.57	2.056E+05	20.55
45.88	2.057E+05	20.56
46.17	2.058E+05	20.57
46.48	2.060E+05	20.58
46.80	2.061E+05	20.6
47.08	2.063E+05	20.61
47.40	2.064E+05	20.63
47.71	2.064E+05	20.64
47.99	2.066E+05	20.64
48.30	2.067E+05	20.66
48.62	2.067E+05	20.67
48.96	2.069E+05	20.67
49.27	2.070E+05	20.69
49.59	2.071E+05	20.7
49.90	2.072E+05	20.71
50.21	2.073E+05	20.72
50.52	2.074E+05	20.73
50.81	2.074E+05	20.74
51.12	2.075E+05	20.74
51.47	2.076E+05	20.75
51.78	2.077E+05	20.76
52.09	2.077E+05	20.77
52.40	2.078E+05	20.77
52.72	2.078E+05	20.78
53.05	2.079E+05	20.78
53.37	2.080E+05	20.79
53.68	2.080E+05	20.8
54.00	2.081E+05	20.8
54.31	2.081E+05	20.81
54.62	2.082E+05	20.81
54.93	2.082E+05	20.82
55.27	2.083E+05	20.82
55.58	2.083E+05	20.83
55.89	2.083E+05	20.83
56.21	2.084E+05	20.83
56.52	2.084E+05	20.84
56.83	2.084E+05	20.84
57.14	2.085E+05	20.84
57.46	2.084E+05	20.85
57.80	2.085E+05	20.84
58.11	2.085E+05	20.85
58.42	2.085E+05	20.85
58.73	2.085E+05	20.85
59.05	2.085E+05	20.85
59.36	2.085E+05	20.85
59.67	2.085E+05	20.85
59.98	2.085E+05	20.85
60.29	2.085E+05	20.85
60.60	2.085E+05	20.85
60.91	2.085E+05	20.85
61.22	2.085E+05	20.85
61.54	2.085E+05	20.85
61.85	2.085E+05	20.85
62.16	2.085E+05	20.85
62.47	2.085E+05	20.85
62.78	2.084E+05	20.85
63.09	2.084E+05	20.84
63.41	2.084E+05	20.84
63.72	2.084E+05	20.84
64.05	2.084E+05	20.84
64.37	2.083E+05	20.84
64.69	2.083E+05	20.83
65.00	2.083E+05	20.83
65.34	2.082E+05	20.83
65.65	2.082E+05	20.82
65.96	2.082E+05	20.82
66.27	2.081E+05	20.82
66.61	2.081E+05	20.81
66.93	2.080E+05	20.81
67.24	2.080E+05	20.8
67.55	2.079E+05	20.8
67.89	2.079E+05	20.79
68.23	2.079E+05	20.79
68.54	2.078E+05	20.79
68.91	2.078E+05	20.78
69.25	2.077E+05	20.78
69.56	2.077E+05	20.77
69.90	2.077E+05	20.77
70.22	2.076E+05	20.77
70.53	2.075E+05	20.76
70.84	2.075E+05	20.75
71.17	2.075E+05	20.75
71.49	2.074E+05	20.75
71.83	2.074E+05	20.74
72.14	2.073E+05	20.74
72.49	2.072E+05	20.73
72.80	2.072E+05	20.72
73.13	2.071E+05	20.72
73.48	2.070E+05	20.71
73.79	2.070E+05	20.7
74.10	2.070E+05	20.7
74.42	2.069E+05	20.7
74.76	2.068E+05	20.69
75.07	2.068E+05	20.68
75.41	2.068E+05	20.68
75.75	2.067E+05	20.68
76.06	2.066E+05	20.67
76.37	2.066E+05	20.66
76.68	2.065E+05	20.66
77.03	2.065E+05	20.65
77.34	2.064E+05	20.65
77.68	2.064E+05	20.64
78.01	2.063E+05	20.64
78.33	2.062E+05	20.63
78.67	2.062E+05	20.62
79.00	2.062E+05	20.62
79.34	2.061E+05	20.62
79.66	2.061E+05	20.61
80.00	2.060E+05	20.61
80.37	2.060E+05	20.6
80.70	2.059E+05	20.6
81.01	2.058E+05	20.59
81.35	2.058E+05	20.58
81.69	2.057E+05	20.58
82.06	2.057E+05	20.57
82.41	2.057E+05	20.57
82.74	2.056E+05	20.57
83.08	2.055E+05	20.56
83.45	2.055E+05	20.55
83.79	2.054E+05	20.55
84.10	2.054E+05	20.54
84.41	2.053E+05	20.54
84.76	2.053E+05	20.53
85.07	2.053E+05	20.53
85.43	2.052E+05	20.53
85.77	2.052E+05	20.52
86.08	2.052E+05	20.52
86.40	2.051E+05	20.52
86.71	2.051E+05	20.51
87.04	2.050E+05	20.51
87.36	2.050E+05	20.5
87.70	2.050E+05	20.5
88.04	2.049E+05	20.5
88.35	2.049E+05	20.49
88.69	2.048E+05	20.49
89.03	2.048E+05	20.48
89.37	2.048E+05	20.48
89.70	2.048E+05	20.48
90.02	2.047E+05	20.48
90.36	2.047E+05	20.47
90.73	2.047E+05	20.47
91.06	2.047E+05	20.47
91.40	2.046E+05	20.47
91.71	2.046E+05	20.46
92.05	2.046E+05	20.46
92.37	2.045E+05	20.46
92.71	2.045E+05	20.45
93.07	2.045E+05	20.45
93.41	2.045E+05	20.45
93.75	2.044E+05	20.45
94.09	2.044E+05	20.44
94.40	2.044E+05	20.44
94.74	2.044E+05	20.44
95.09	2.044E+05	20.44
95.43	2.044E+05	20.44
95.77	2.043E+05	20.44
96.11	2.043E+05	20.43
96.45	2.043E+05	20.43
96.78	2.043E+05	20.43
97.14	2.043E+05	20.43
97.48	2.042E+05	20.43
97.80	2.042E+05	20.42
98.16	2.042E+05	20.42
98.53	2.042E+05	20.42
98.87	2.042E+05	20.42
99.21	2.042E+05	20.42
99.55	2.042E+05	20.42
99.91	2.042E+05	20.42
100.25	2.042E+05	20.42
100.59	2.042E+05	20.42
100.93	2.042E+05	20.42
101.27	2.042E+05	20.42
101.60	2.042E+05	20.42
101.97	2.042E+05	20.42
102.31	2.041E+05	20.42
102.64	2.042E+05	20.41
102.99	2.042E+05	20.42
103.33	2.041E+05	20.42
103.67	2.041E+05	20.41
104.01	2.042E+05	20.41
104.35	2.042E+05	20.42
104.69	2.042E+05	20.42
105.02	2.041E+05	20.42
105.36	2.042E+05	20.41
105.74	2.042E+05	20.42
106.07	2.042E+05	20.42
106.44	2.042E+05	20.42
106.80	2.042E+05	20.42
107.14	2.042E+05	20.42
107.48	2.042E+05	20.42
107.81	2.042E+05	20.42
108.16	2.042E+05	20.42
108.50	2.042E+05	20.42
108.84	2.042E+05	20.42
109.18	2.042E+05	20.42
109.54	2.042E+05	20.42
109.88	2.043E+05	20.42
110.27	2.043E+05	20.43
110.61	2.043E+05	20.43
110.95	2.043E+05	20.43
111.29	2.043E+05	20.43
111.63	2.043E+05	20.43
111.96	2.043E+05	20.43
112.33	2.043E+05	20.43
112.67	2.043E+05	20.43
113.01	2.044E+05	20.43
113.35	2.044E+05	20.44
113.72	2.044E+05	20.44
114.08	2.044E+05	20.44
114.42	2.044E+05	20.44
114.79	2.044E+05	20.44
115.12	2.044E+05	20.44
115.46	2.044E+05	20.44
115.80	2.045E+05	20.44
116.15	2.045E+05	20.45
116.48	2.045E+05	20.45
116.82	2.045E+05	20.45
117.19	2.045E+05	20.45
117.53	2.045E+05	20.45
117.89	2.045E+05	20.45
118.26	2.046E+05	20.45
118.60	2.046E+05	20.46
118.96	2.046E+05	20.46
119.33	2.046E+05	20.46
119.66	2.046E+05	20.46
120.03	2.046E+05	20.46
120.37	2.046E+05	20.46
120.70	2.047E+05	20.46
121.08	2.047E+05	20.47
121.44	2.047E+05	20.47
121.81	2.047E+05	20.47
122.20	2.047E+05	20.47
122.56	2.047E+05	20.47
122.93	2.048E+05	20.47
123.30	2.048E+05	20.48
123.67	2.048E+05	20.48
124.03	2.048E+05	20.48
124.40	2.048E+05	20.48
124.79	2.048E+05	20.48
125.15	2.048E+05	20.48
125.52	2.048E+05	20.48
125.88	2.049E+05	20.48
126.25	2.049E+05	20.49
126.62	2.049E+05	20.49
127.01	2.049E+05	20.49
127.37	2.049E+05	20.49
127.74	2.049E+05	20.49
128.13	2.049E+05	20.49
128.50	2.049E+05	20.49
128.87	2.050E+05	20.49
129.23	2.050E+05	20.5
129.60	2.049E+05	20.5
129.96	2.050E+05	20.49
130.33	2.050E+05	20.5
130.69	2.050E+05	20.5
131.05	2.050E+05	20.5
131.42	2.050E+05	20.5
131.79	2.050E+05	20.5
132.15	2.051E+05	20.5
132.52	2.051E+05	20.51
132.88	2.051E+05	20.51
133.25	2.051E+05	20.51
133.61	2.051E+05	20.51
133.98	2.051E+05	20.51
134.33	2.051E+05	20.51
134.72	2.051E+05	20.51
135.11	2.051E+05	20.51
135.47	2.051E+05	20.51
135.84	2.051E+05	20.51
136.20	2.051E+05	20.51
136.57	2.051E+05	20.51
136.91	2.052E+05	20.51
137.28	2.052E+05	20.52
137.64	2.052E+05	20.52
138.01	2.052E+05	20.52
138.37	2.052E+05	20.52
138.74	2.052E+05	20.52
139.10	2.052E+05	20.52
139.47	2.052E+05	20.52
139.83	2.052E+05	20.52
140.20	2.052E+05	20.52
140.56	2.052E+05	20.52
140.95	2.052E+05	20.52
141.32	2.052E+05	20.52
141.71	2.052E+05	20.52
142.08	2.052E+05	20.52
142.45	2.052E+05	20.52
142.81	2.052E+05	20.52
143.18	2.052E+05	20.52
143.54	2.052E+05	20.52
143.91	2.052E+05	20.52
144.28	2.052E+05	20.52
144.65	2.052E+05	20.52
145.01	2.052E+05	20.52
145.38	2.052E+05	20.52
145.74	2.052E+05	20.52
146.13	2.052E+05	20.52
183.36	2.051E+05	20.52
183.75	2.050E+05	20.51
184.14	2.050E+05	20.5
184.54	2.050E+05	20.5
184.93	2.050E+05	20.5
185.33	2.050E+05	20.5
185.72	2.050E+05	20.5
186.11	2.051E+05	20.5
186.50	2.050E+05	20.51
186.89	2.050E+05	20.5
192.49	2.050E+05	20.5
192.86	2.050E+05	20.5
193.25	2.051E+05	20.5
193.64	2.050E+05	20.51
