Time (s)	O2 conc. (ppm)
0.11	1.880E+05	21.0
0.63	1.880E+05	21.0
1.96	1.880E+05	21.0
2.27	1.880E+05	21.0
2.55	1.880E+05	21.0
2.84	1.880E+05	21.0
3.12	1.880E+05	21.0
3.41	1.880E+05	21.0
3.69	1.880E+05	21.0
3.97	1.880E+05	21.0
4.27	1.880E+05	21.0
4.55	1.880E+05	21.0
4.86	1.880E+05	21.0
5.15	1.880E+05	21.0
5.46	1.880E+05	21.0
5.74	1.880E+05	21.0
6.03	1.880E+05	21.0
6.34	1.880E+05	21.0
6.62	1.880E+05	21.0
6.91	1.880E+05	21.0
7.20	1.880E+05	21.0
8.63	1.880E+05	21.0
8.92	1.880E+05	21.0
9.20	1.880E+05	21.0
9.52	1.880E+05	21.0
9.80	1.880E+05	21.0
10.09	1.880E+05	21.0
10.37	1.880E+05	21.0
10.66	1.880E+05	21.0
10.94	1.880E+05	21.0
11.22	1.880E+05	21.0
11.51	1.880E+05	21.0
11.79	1.880E+05	21.0
12.08	1.880E+05	21.0
12.37	1.880E+05	21.0
12.65	1.880E+05	21.0
12.94	1.880E+05	21.0
13.25	1.880E+05	21.0
13.56	1.880E+05	21.0
13.87	1.880E+05	21.0
14.15	1.880E+05	21.0
14.44	1.880E+05	21.0
14.73	1.880E+05	21.0
15.01	1.880E+05	21.0
15.30	1.881E+05	21.0
15.61	1.880E+05	21.0
15.89	1.881E+05	21.0
16.15	1.881E+05	21.0
16.44	1.881E+05	21.0
16.75	1.882E+05	21.0
17.04	1.882E+05	21.0
17.33	1.883E+05	21.0
17.61	1.883E+05	21.0
18.43	1.885E+05	21.0
18.75	1.886E+05	21.0
19.03	1.886E+05	21.0
19.32	1.887E+05	21.0
19.63	1.888E+05	21.0
19.92	1.889E+05	21.0
20.20	1.890E+05	21.0
20.49	1.892E+05	21.0
20.80	1.893E+05	21.0
21.09	1.894E+05	21.0
21.37	1.895E+05	21.0
21.66	1.897E+05	21.0
21.97	1.898E+05	21.0
22.26	1.899E+05	21.0
22.55	1.901E+05	21.0
22.84	1.902E+05	21.0
23.12	1.904E+05	21.0
23.41	1.906E+05	21.0
23.69	1.907E+05	21.0
23.98	1.909E+05	21.0
24.29	1.911E+05	21.0
24.58	1.913E+05	21.0
24.86	1.914E+05	21.0
25.18	1.917E+05	21.0
25.52	1.919E+05	21.0
25.81	1.921E+05	21.0
26.09	1.923E+05	21.0
26.41	1.925E+05	21.0
26.72	1.927E+05	21.0
27.03	1.929E+05	21.0
27.32	1.931E+05	21.0
27.61	1.933E+05	21.0
27.92	1.936E+05	21.0
28.23	1.938E+05	21.0
28.52	1.940E+05	21.0
28.80	1.942E+05	21.0
29.14	1.945E+05	21.0
29.43	1.947E+05	21.0
29.71	1.949E+05	21.0
30.05	1.951E+05	21.0
30.37	1.954E+05	21.0
30.66	1.956E+05	21.0
30.94	1.958E+05	21.0
31.23	1.960E+05	21.0
31.57	1.963E+05	21.0
31.85	1.965E+05	21.0
32.14	1.967E+05	21.0
32.43	1.969E+05	21.0
32.74	1.972E+05	21.0
33.04	1.974E+05	21.0
33.32	1.976E+05	21.0
33.61	1.978E+05	21.0
33.95	1.981E+05	21.0
34.26	1.983E+05	21.0
34.54	1.985E+05	21.0
34.83	1.987E+05	21.0
35.14	1.989E+05	21.0
35.43	1.992E+05	21.0
35.72	1.994E+05	21.0
36.00	1.996E+05	21.0
36.31	1.998E+05	21.0
36.63	2.000E+05	21.0
36.91	2.003E+05	21.0
37.20	2.005E+05	21.0
37.54	2.007E+05	21.0
37.85	2.009E+05	21.0
38.14	2.011E+05	21.0
38.46	2.013E+05	21.0
38.77	2.015E+05	21.0
39.05	2.017E+05	21.0
39.34	2.019E+05	21.0
39.68	2.021E+05	21.0
40.02	2.023E+05	21.0
40.30	2.025E+05	21.0
40.60	2.027E+05	21.0
40.91	2.029E+05	21.0
41.22	2.031E+05	21.0
41.51	2.033E+05	21.0
41.82	2.035E+05	21.0
42.11	2.036E+05	21.0
42.42	2.038E+05	21.0
42.74	2.040E+05	21.0
43.02	2.042E+05	21.0
43.31	2.044E+05	21.0
43.62	2.046E+05	21.0
43.91	2.047E+05	21.0
44.22	2.049E+05	21.0
44.53	2.050E+05	21.0
44.85	2.052E+05	21.0
45.13	2.054E+05	21.0
45.42	2.055E+05	21.0
45.73	2.057E+05	21.0
46.05	2.058E+05	21.0
46.33	2.060E+05	21.0
46.62	2.062E+05	21.0
46.90	2.063E+05	21.0
47.22	2.064E+05	21.0
47.50	2.066E+05	21.0
47.79	2.067E+05	21.0
48.10	2.068E+05	21.0
48.42	2.070E+05	21.0
48.73	2.071E+05	21.0
49.04	2.073E+05	21.0
49.36	2.074E+05	21.0
49.70	2.075E+05	21.0
50.01	2.077E+05	21.0
50.32	2.078E+05	21.0
50.63	2.079E+05	21.0
50.97	2.080E+05	21.0
51.29	2.082E+05	21.0
51.60	2.083E+05	21.0
51.89	2.084E+05	21.0
52.20	2.085E+05	21.0
52.51	2.086E+05	21.0
52.82	2.087E+05	21.0
53.16	2.088E+05	21.0
53.47	2.089E+05	21.0
53.77	2.089E+05	21.0
54.05	2.091E+05	21.0
54.34	2.091E+05	21.0
54.67	2.092E+05	21.0
54.96	2.093E+05	21.0
55.27	2.094E+05	21.0
55.58	2.095E+05	21.0
55.92	2.096E+05	21.0
56.24	2.096E+05	21.0
56.53	2.097E+05	21.0
56.84	2.098E+05	21.0
57.15	2.098E+05	21.0
57.46	2.099E+05	21.0
57.77	2.100E+05	21.0
58.09	2.100E+05	21.0
58.40	2.101E+05	21.0
58.71	2.101E+05	21.0
59.03	2.102E+05	21.0
59.34	2.102E+05	21.0
59.68	2.102E+05	21.0
59.99	2.103E+05	21.0
60.30	2.103E+05	21.0
60.61	2.104E+05	21.0
60.95	2.104E+05	21.0
61.27	2.104E+05	21.0
61.59	2.105E+05	21.0
61.90	2.105E+05	21.0
62.24	2.105E+05	21.0
62.55	2.106E+05	21.0
62.86	2.106E+05	21.0
63.17	2.106E+05	21.0
63.48	2.106E+05	21.0
63.79	2.107E+05	21.0
64.11	2.107E+05	21.0
64.42	2.107E+05	21.0
64.76	2.107E+05	21.0
65.09	2.107E+05	21.0
65.41	2.107E+05	21.0
65.72	2.107E+05	21.0
66.03	2.107E+05	21.0
66.34	2.107E+05	21.0
66.65	2.108E+05	21.0
67.00	2.107E+05	21.0
67.33	2.108E+05	21.0
67.65	2.107E+05	21.0
67.98	2.107E+05	21.0
68.29	2.107E+05	21.0
68.63	2.107E+05	21.0
68.94	2.107E+05	21.0
69.25	2.107E+05	21.0
69.57	2.106E+05	21.0
69.88	2.106E+05	21.0
70.19	2.106E+05	21.0
70.53	2.106E+05	21.0
70.84	2.106E+05	21.0
71.15	2.106E+05	21.0
71.46	2.105E+05	21.0
71.77	2.105E+05	21.0
72.10	2.105E+05	21.0
72.43	2.105E+05	21.0
72.74	2.104E+05	21.0
73.08	2.104E+05	21.0
73.42	2.104E+05	21.0
73.73	2.104E+05	21.0
74.07	2.104E+05	21.0
74.38	2.103E+05	21.0
74.73	2.103E+05	21.0
75.07	2.102E+05	21.0
75.38	2.102E+05	21.0
75.72	2.102E+05	21.0
76.06	2.102E+05	21.0
76.39	2.101E+05	21.0
76.71	2.101E+05	21.0
77.04	2.101E+05	21.0
77.37	2.100E+05	21.0
77.73	2.100E+05	21.0
78.07	2.100E+05	21.0
78.41	2.100E+05	21.0
78.74	2.099E+05	21.0
79.06	2.099E+05	21.0
79.37	2.099E+05	21.0
79.70	2.098E+05	21.0
80.02	2.097E+05	21.0
80.36	2.097E+05	21.0
80.67	2.097E+05	21.0
81.01	2.096E+05	21.0
81.35	2.096E+05	21.0
81.69	2.096E+05	21.0
82.00	2.095E+05	21.0
82.34	2.095E+05	21.0
82.66	2.095E+05	21.0
82.99	2.094E+05	21.0
83.33	2.094E+05	21.0
83.67	2.094E+05	21.0
84.01	2.093E+05	21.0
84.32	2.093E+05	21.0
84.66	2.093E+05	21.0
85.00	2.092E+05	21.0
85.34	2.092E+05	21.0
85.65	2.092E+05	21.0
85.97	2.091E+05	21.0
86.28	2.091E+05	21.0
86.61	2.091E+05	21.0
86.93	2.090E+05	21.0
87.26	2.090E+05	21.0
87.60	2.089E+05	21.0
87.98	2.089E+05	21.0
88.29	2.089E+05	21.0
88.62	2.089E+05	21.0
88.99	2.088E+05	21.0
89.33	2.088E+05	21.0
89.66	2.088E+05	21.0
90.00	2.087E+05	21.0
90.31	2.087E+05	21.0
90.66	2.086E+05	21.0
91.03	2.086E+05	21.0
91.34	2.086E+05	21.0
91.67	2.086E+05	21.0
92.01	2.085E+05	21.0
92.38	2.085E+05	21.0
92.72	2.085E+05	21.0
93.09	2.084E+05	21.0
93.46	2.084E+05	21.0
93.79	2.084E+05	21.0
94.16	2.084E+05	21.0
94.50	2.083E+05	21.0
94.81	2.083E+05	21.0
95.17	2.083E+05	21.0
95.51	2.083E+05	21.0
95.86	2.083E+05	21.0
96.22	2.082E+05	21.0
96.56	2.082E+05	21.0
96.90	2.082E+05	21.0
97.24	2.082E+05	21.0
97.60	2.081E+05	21.0
97.94	2.081E+05	21.0
98.28	2.081E+05	21.0
98.62	2.081E+05	21.0
98.96	2.080E+05	21.0
99.30	2.080E+05	21.0
99.63	2.080E+05	21.0
99.97	2.080E+05	21.0
100.34	2.080E+05	21.0
100.67	2.080E+05	21.0
101.05	2.079E+05	21.0
101.41	2.079E+05	21.0
101.78	2.079E+05	21.0
102.12	2.079E+05	21.0
102.48	2.079E+05	21.0
102.82	2.079E+05	21.0
103.16	2.079E+05	21.0
103.53	2.078E+05	21.0
103.87	2.079E+05	21.0
104.21	2.078E+05	21.0
104.55	2.078E+05	21.0
104.88	2.078E+05	21.0
105.22	2.078E+05	21.0
105.58	2.078E+05	21.0
105.93	2.078E+05	21.0
106.27	2.078E+05	21.0
106.61	2.078E+05	21.0
106.97	2.078E+05	21.0
107.34	2.078E+05	21.0
107.70	2.078E+05	21.0
108.04	2.078E+05	21.0
108.38	2.078E+05	21.0
108.75	2.078E+05	21.0
109.09	2.078E+05	21.0
109.42	2.078E+05	21.0
109.76	2.078E+05	21.0
110.10	2.078E+05	21.0
110.46	2.078E+05	21.0
110.85	2.078E+05	21.0
111.20	2.078E+05	21.0
111.53	2.078E+05	21.0
111.87	2.078E+05	21.0
112.21	2.078E+05	21.0
112.55	2.078E+05	21.0
112.91	2.078E+05	21.0
113.25	2.078E+05	21.0
113.59	2.078E+05	21.0
113.94	2.078E+05	21.0
114.27	2.078E+05	21.0
114.61	2.078E+05	21.0
114.98	2.078E+05	21.0
115.34	2.078E+05	21.0
115.68	2.078E+05	21.0
116.02	2.078E+05	21.0
116.35	2.078E+05	21.0
116.73	2.078E+05	21.0
117.09	2.078E+05	21.0
117.46	2.078E+05	21.0
117.79	2.079E+05	21.0
118.16	2.079E+05	21.0
118.50	2.079E+05	21.0
118.86	2.079E+05	21.0
119.21	2.079E+05	21.0
119.55	2.079E+05	21.0
119.88	2.079E+05	21.0
120.25	2.079E+05	21.0
120.61	2.079E+05	21.0
120.95	2.079E+05	21.0
121.31	2.079E+05	21.0
121.66	2.079E+05	21.0
122.00	2.080E+05	21.0
122.36	2.080E+05	21.0
122.73	2.080E+05	21.0
123.10	2.080E+05	21.0
123.46	2.080E+05	21.0
123.82	2.080E+05	21.0
124.20	2.080E+05	21.0
124.59	2.080E+05	21.0
124.95	2.081E+05	21.0
125.32	2.081E+05	21.0
125.66	2.081E+05	21.0
126.03	2.081E+05	21.0
126.39	2.081E+05	21.0
126.75	2.082E+05	21.0
127.13	2.081E+05	21.0
127.49	2.082E+05	21.0
127.83	2.082E+05	21.0
128.17	2.082E+05	21.0
128.53	2.082E+05	21.0
128.90	2.082E+05	21.0
129.26	2.082E+05	21.0
129.64	2.082E+05	21.0
130.00	2.083E+05	21.0
130.37	2.083E+05	21.0
130.73	2.083E+05	21.0
131.10	2.083E+05	21.0
131.46	2.083E+05	21.0
131.82	2.083E+05	21.0
132.20	2.083E+05	21.0
132.56	2.083E+05	21.0
132.93	2.083E+05	21.0
133.30	2.084E+05	21.0
133.66	2.084E+05	21.0
134.00	2.084E+05	21.0
134.36	2.084E+05	21.0
134.74	2.084E+05	21.0
135.10	2.084E+05	21.0
135.47	2.084E+05	21.0
135.83	2.084E+05	21.0
136.20	2.084E+05	21.0
136.56	2.085E+05	21.0
136.93	2.085E+05	21.0
137.30	2.085E+05	21.0
137.66	2.085E+05	21.0
138.03	2.085E+05	21.0
138.39	2.085E+05	21.0
138.78	2.085E+05	21.0
139.17	2.085E+05	21.0
139.56	2.085E+05	21.0
139.94	2.086E+05	21.0
140.30	2.086E+05	21.0
140.67	2.086E+05	21.0
141.06	2.086E+05	21.0
141.42	2.086E+05	21.0
141.79	2.086E+05	21.0
142.15	2.086E+05	21.0
142.53	2.086E+05	21.0
142.89	2.086E+05	21.0
143.26	2.086E+05	21.0
143.62	2.087E+05	21.0
143.99	2.087E+05	21.0
144.35	2.087E+05	21.0
144.72	2.087E+05	21.0
145.09	2.087E+05	21.0
145.46	2.087E+05	21.0
145.82	2.087E+05	21.0
146.18	2.087E+05	21.0
146.57	2.087E+05	21.0
146.97	2.087E+05	21.0
147.33	2.087E+05	21.0
147.70	2.087E+05	21.0
148.09	2.088E+05	21.0
148.46	2.088E+05	21.0
148.82	2.088E+05	21.0
149.19	2.088E+05	21.0
149.56	2.088E+05	21.0
149.92	2.088E+05	21.0
150.29	2.088E+05	21.0
150.66	2.088E+05	21.0
151.05	2.088E+05	21.0
151.44	2.088E+05	21.0
151.83	2.088E+05	21.0
152.20	2.088E+05	21.0
152.59	2.088E+05	21.0
152.96	2.088E+05	21.0
153.35	2.088E+05	21.0
153.72	2.088E+05	21.0
154.08	2.088E+05	21.0
154.48	2.088E+05	21.0
154.87	2.089E+05	21.0
155.26	2.089E+05	21.0
155.66	2.089E+05	21.0
156.05	2.089E+05	21.0
156.44	2.089E+05	21.0
156.83	2.089E+05	21.0
157.23	2.089E+05	21.0
157.59	2.089E+05	21.0
157.99	2.089E+05	21.0
158.38	2.089E+05	21.0
158.74	2.089E+05	21.0
159.11	2.089E+05	21.0
159.53	2.089E+05	21.0
159.89	2.089E+05	21.0
160.26	2.089E+05	21.0
160.63	2.089E+05	21.0
160.99	2.089E+05	21.0
161.38	2.089E+05	21.0
161.77	2.089E+05	21.0
162.14	2.089E+05	21.0
162.53	2.090E+05	21.0
162.93	2.090E+05	21.0
163.30	2.089E+05	21.0
163.69	2.089E+05	21.0
164.08	2.090E+05	21.0
164.48	2.089E+05	21.0
164.87	2.089E+05	21.0
165.26	2.090E+05	21.0
165.66	2.090E+05	21.0
166.03	2.090E+05	21.0
166.42	2.090E+05	21.0
166.81	2.089E+05	21.0
167.20	2.090E+05	21.0
167.60	2.090E+05	21.0
168.01	2.090E+05	21.0
168.39	2.090E+05	21.0
168.78	2.090E+05	21.0
169.17	2.090E+05	21.0
169.56	2.091E+05	21.0
169.95	2.090E+05	21.0
170.35	2.090E+05	21.0
170.76	2.090E+05	21.0
171.13	2.090E+05	21.0
171.52	2.090E+05	21.0
171.92	2.091E+05	21.0
172.31	2.091E+05	21.0
172.68	2.091E+05	21.0
173.07	2.090E+05	21.0
173.47	2.090E+05	21.0
173.86	2.091E+05	21.0
174.26	2.091E+05	21.0
174.65	2.090E+05	21.0
175.04	2.091E+05	21.0
175.43	2.091E+05	21.0
175.82	2.091E+05	21.0
176.22	2.090E+05	21.0
176.61	2.090E+05	21.0
177.01	2.090E+05	21.0
177.40	2.091E+05	21.0
177.79	2.090E+05	21.0
178.19	2.091E+05	21.0
178.58	2.091E+05	21.0
178.98	2.091E+05	21.0
179.37	2.091E+05	21.0
179.79	2.091E+05	21.0
180.18	2.091E+05	21.0
180.60	2.091E+05	21.0
180.99	2.091E+05	21.0
181.39	2.091E+05	21.0
181.78	2.091E+05	21.0
182.17	2.091E+05	21.0
182.56	2.091E+05	21.0
182.98	2.091E+05	21.0
183.40	2.090E+05	21.0
183.78	2.091E+05	21.0
184.17	2.091E+05	21.0
184.56	2.090E+05	21.0
184.96	2.091E+05	21.0
185.35	2.090E+05	21.0
185.74	2.090E+05	21.0
186.16	2.091E+05	21.0
186.56	2.091E+05	21.0
186.95	2.091E+05	21.0
187.34	2.091E+05	21.0
187.74	2.090E+05	21.0
188.13	2.090E+05	21.0
188.55	2.091E+05	21.0
188.94	2.091E+05	21.0
189.34	2.091E+05	21.0
189.73	2.091E+05	21.0
190.12	2.091E+05	21.0
190.51	2.091E+05	21.0
190.90	2.091E+05	21.0
191.29	2.091E+05	21.0
191.69	2.091E+05	21.0
192.11	2.091E+05	21.0
192.53	2.091E+05	21.0
192.92	2.091E+05	21.0
193.34	2.091E+05	21.0
193.76	2.091E+05	21.0
194.16	2.091E+05	21.0
194.58	2.091E+05	21.0
194.97	2.091E+05	21.0
195.39	2.091E+05	21.0
195.81	2.091E+05	21.0
196.22	2.091E+05	21.0
196.64	2.091E+05	21.0
197.04	2.091E+05	21.0
197.46	2.091E+05	21.0
197.85	2.091E+05	21.0
198.24	2.091E+05	21.0
198.63	2.091E+05	21.0
199.02	2.091E+05	21.0
199.45	2.091E+05	21.0
199.87	2.092E+05	21.0
200.29	2.092E+05	21.0
200.71	2.091E+05	21.0
201.13	2.091E+05	21.0
201.55	2.092E+05	21.0
201.97	2.091E+05	21.0
202.39	2.091E+05	21.0
202.81	2.092E+05	21.0
203.23	2.091E+05	21.0
203.62	2.091E+05	21.0
204.04	2.091E+05	21.0
204.46	2.092E+05	21.0
204.85	2.092E+05	21.0
205.27	2.092E+05	21.0
205.69	2.091E+05	21.0
206.11	2.091E+05	21.0
206.50	2.092E+05	21.0
206.92	2.091E+05	21.0
207.32	2.092E+05	21.0
207.74	2.091E+05	21.0
208.16	2.091E+05	21.0
208.55	2.091E+05	21.0
208.97	2.092E+05	21.0
209.39	2.092E+05	21.0
209.79	2.092E+05	21.0
210.18	2.092E+05	21.0
210.59	2.092E+05	21.0
211.02	2.092E+05	21.0
211.43	2.092E+05	21.0
211.82	2.092E+05	21.0
212.22	2.092E+05	21.0
212.67	2.092E+05	21.0
213.09	2.092E+05	21.0
213.50	2.092E+05	21.0
213.93	2.092E+05	21.0
214.34	2.092E+05	21.0
214.73	2.092E+05	21.0
215.13	2.092E+05	21.0
215.55	2.092E+05	21.0
215.97	2.092E+05	21.0
216.39	2.092E+05	21.0
216.81	2.092E+05	21.0
217.22	2.092E+05	21.0
217.65	2.092E+05	21.0
218.07	2.092E+05	21.0
218.49	2.092E+05	21.0
218.91	2.092E+05	21.0
219.33	2.092E+05	21.0
219.74	2.093E+05	21.0
220.14	2.092E+05	21.0
220.56	2.092E+05	21.0
220.98	2.092E+05	21.0
221.40	2.092E+05	21.0
221.82	2.093E+05	21.0
222.24	2.092E+05	21.0
222.67	2.092E+05	21.0
223.09	2.093E+05	21.0
223.51	2.093E+05	21.0
223.93	2.093E+05	21.0
224.37	2.093E+05	21.0
224.79	2.093E+05	21.0
225.22	2.093E+05	21.0
225.66	2.093E+05	21.0
226.11	2.093E+05	21.0
226.52	2.093E+05	21.0
226.95	2.093E+05	21.0
227.36	2.093E+05	21.0
227.78	2.093E+05	21.0
228.18	2.093E+05	21.0
228.60	2.093E+05	21.0
229.02	2.093E+05	21.0
229.44	2.093E+05	21.0
229.86	2.093E+05	21.0
230.28	2.093E+05	21.0
230.70	2.093E+05	21.0
231.15	2.093E+05	21.0
231.56	2.093E+05	21.0
231.96	2.093E+05	21.0
232.40	2.093E+05	21.0
232.82	2.093E+05	21.0
233.25	2.093E+05	21.0
233.66	2.093E+05	21.0
234.08	2.093E+05	21.0
234.50	2.093E+05	21.0
234.92	2.093E+05	21.0
235.34	2.093E+05	21.0
235.73	2.093E+05	21.0
236.15	2.093E+05	21.0
236.54	2.093E+05	21.0
236.97	2.093E+05	21.0
237.38	2.093E+05	21.0
237.80	2.093E+05	21.0
238.23	2.093E+05	21.0
238.65	2.093E+05	21.0
239.09	2.093E+05	21.0
239.54	2.093E+05	21.0
239.96	2.093E+05	21.0
240.38	2.093E+05	21.0
240.80	2.093E+05	21.0
241.22	2.093E+05	21.0
241.64	2.093E+05	21.0
242.08	2.093E+05	21.0
242.50	2.094E+05	21.0
242.92	2.094E+05	21.0
243.35	2.094E+05	21.0
243.77	2.093E+05	21.0
244.18	2.094E+05	21.0
244.63	2.094E+05	21.0
245.05	2.094E+05	21.0
245.47	2.094E+05	21.0
245.92	2.094E+05	21.0
246.34	2.094E+05	21.0
246.76	2.094E+05	21.0
247.18	2.094E+05	21.0
247.60	2.094E+05	21.0
248.02	2.094E+05	21.0
248.44	2.094E+05	21.0
248.86	2.094E+05	21.0
249.28	2.094E+05	21.0
249.70	2.094E+05	21.0
250.12	2.094E+05	21.0
250.54	2.094E+05	21.0
250.96	2.094E+05	21.0
251.38	2.094E+05	21.0
251.80	2.094E+05	21.0
252.22	2.094E+05	21.0
252.64	2.094E+05	21.0
253.06	2.094E+05	21.0
253.50	2.094E+05	21.0
253.93	2.094E+05	21.0
254.34	2.094E+05	21.0
254.76	2.094E+05	21.0
255.18	2.094E+05	21.0
255.60	2.094E+05	21.0
256.04	2.094E+05	21.0
256.49	2.094E+05	21.0
256.94	2.094E+05	21.0
257.39	2.094E+05	21.0
257.80	2.094E+05	21.0
258.25	2.094E+05	21.0
286.65	2.096E+05	21.0
287.11	2.095E+05	21.0
287.55	2.095E+05	21.0
288.03	2.096E+05	21.0
288.47	2.095E+05	21.0
288.92	2.095E+05	21.0
289.35	2.095E+05	21.0
289.84	2.095E+05	21.0
290.29	2.096E+05	21.0
290.71	2.095E+05	21.0
291.16	2.096E+05	21.0
