Time (s)	O2 conc. (ppm)
0.10	1.899E+05	21.0
0.65	1.899E+05	18.99
1.99	1.899E+05	18.99
2.31	1.899E+05	18.99
2.60	1.899E+05	18.99
2.88	1.899E+05	18.99
3.17	1.899E+05	18.99
3.45	1.899E+05	18.99
3.74	1.899E+05	18.99
4.05	1.899E+05	18.99
4.34	1.899E+05	18.99
4.62	1.899E+05	18.99
4.90	1.899E+05	18.99
5.19	1.899E+05	18.99
5.47	1.899E+05	18.99
5.75	1.899E+05	18.99
6.04	1.899E+05	18.99
6.33	1.899E+05	18.99
6.61	1.899E+05	18.99
6.92	1.899E+05	18.99
7.21	1.899E+05	18.99
7.50	1.899E+05	18.99
7.81	1.899E+05	18.99
8.10	1.899E+05	18.99
8.38	1.899E+05	18.99
8.66	1.899E+05	18.99
8.96	1.899E+05	18.99
9.24	1.899E+05	18.99
9.52	1.899E+05	18.99
9.81	1.899E+05	18.99
10.10	1.898E+05	18.99
10.38	1.899E+05	18.98
10.67	1.899E+05	18.99
10.95	1.899E+05	18.99
11.24	1.899E+05	18.99
11.53	1.898E+05	18.99
11.84	1.899E+05	18.98
12.15	1.899E+05	18.99
12.44	1.899E+05	18.99
12.75	1.899E+05	18.99
13.03	1.899E+05	18.99
13.34	1.899E+05	18.99
13.65	1.899E+05	18.99
13.93	1.899E+05	18.99
14.25	1.899E+05	18.99
14.54	1.899E+05	18.99
14.82	1.899E+05	18.99
15.10	1.900E+05	18.99
15.41	1.900E+05	19.0
15.73	1.900E+05	19.0
16.04	1.901E+05	19.0
16.35	1.901E+05	19.01
16.67	1.902E+05	19.01
16.98	1.902E+05	19.02
17.27	1.903E+05	19.02
17.55	1.904E+05	19.03
17.84	1.905E+05	19.04
18.12	1.906E+05	19.05
18.44	1.908E+05	19.06
18.75	1.909E+05	19.08
19.06	1.910E+05	19.09
19.35	1.912E+05	19.1
19.66	1.914E+05	19.12
19.98	1.915E+05	19.14
20.26	1.918E+05	19.15
20.58	1.920E+05	19.18
20.86	1.922E+05	19.2
21.18	1.924E+05	19.22
21.49	1.927E+05	19.24
21.78	1.929E+05	19.27
22.10	1.932E+05	19.29
22.41	1.935E+05	19.32
22.72	1.938E+05	19.35
23.04	1.940E+05	19.38
23.32	1.943E+05	19.4
23.63	1.946E+05	19.43
23.92	1.949E+05	19.46
24.20	1.952E+05	19.49
24.49	1.955E+05	19.52
24.81	1.959E+05	19.55
25.15	1.962E+05	19.59
25.43	1.965E+05	19.62
25.72	1.968E+05	19.65
26.03	1.972E+05	19.68
26.32	1.975E+05	19.72
26.60	1.978E+05	19.75
26.90	1.981E+05	19.78
27.21	1.985E+05	19.81
27.50	1.988E+05	19.85
27.78	1.992E+05	19.88
28.07	1.995E+05	19.92
28.38	1.999E+05	19.95
28.70	2.002E+05	19.99
28.98	2.006E+05	20.02
29.27	2.009E+05	20.06
29.59	2.013E+05	20.09
29.90	2.016E+05	20.13
30.21	2.020E+05	20.16
30.53	2.024E+05	20.2
30.84	2.027E+05	20.24
31.12	2.031E+05	20.27
31.46	2.035E+05	20.31
31.75	2.038E+05	20.35
32.06	2.041E+05	20.38
32.38	2.045E+05	20.41
32.69	2.049E+05	20.45
33.00	2.052E+05	20.49
33.34	2.056E+05	20.52
33.68	2.060E+05	20.56
34.02	2.063E+05	20.6
34.33	2.067E+05	20.63
34.65	2.070E+05	20.67
34.96	2.074E+05	20.7
35.28	2.077E+05	20.74
35.59	2.080E+05	20.77
35.90	2.083E+05	20.8
36.22	2.086E+05	20.83
36.53	2.089E+05	20.86
36.84	2.093E+05	20.89
37.19	2.096E+05	20.93
37.51	2.099E+05	20.96
37.82	2.102E+05	20.99
38.13	2.105E+05	21.02
38.45	2.108E+05	21.05
38.78	2.111E+05	21.08
39.07	2.114E+05	21.11
39.41	2.116E+05	21.14
39.69	2.119E+05	21.16
40.01	2.122E+05	21.19
40.33	2.124E+05	21.22
40.64	2.127E+05	21.24
40.95	2.129E+05	21.27
41.26	2.131E+05	21.29
41.57	2.134E+05	21.31
41.89	2.136E+05	21.34
42.23	2.139E+05	21.36
42.55	2.141E+05	21.39
42.83	2.143E+05	21.41
43.15	2.145E+05	21.43
43.46	2.147E+05	21.45
43.77	2.149E+05	21.47
44.09	2.151E+05	21.49
44.40	2.152E+05	21.51
44.71	2.155E+05	21.52
45.06	2.156E+05	21.55
45.37	2.158E+05	21.56
45.68	2.160E+05	21.58
45.99	2.161E+05	21.6
46.31	2.162E+05	21.61
46.62	2.164E+05	21.62
46.93	2.165E+05	21.64
47.24	2.166E+05	21.65
47.56	2.168E+05	21.66
47.87	2.168E+05	21.68
48.19	2.169E+05	21.68
48.50	2.170E+05	21.69
48.81	2.171E+05	21.7
49.12	2.172E+05	21.71
49.44	2.173E+05	21.72
49.75	2.173E+05	21.73
50.09	2.174E+05	21.73
50.41	2.174E+05	21.74
50.72	2.175E+05	21.74
51.05	2.175E+05	21.75
51.39	2.175E+05	21.75
51.70	2.175E+05	21.75
52.04	2.175E+05	21.75
52.35	2.175E+05	21.75
52.66	2.175E+05	21.75
52.98	2.175E+05	21.75
53.29	2.175E+05	21.75
53.60	2.174E+05	21.75
53.91	2.174E+05	21.74
54.23	2.173E+05	21.74
54.54	2.173E+05	21.73
54.88	2.172E+05	21.73
55.19	2.171E+05	21.72
55.53	2.170E+05	21.71
55.85	2.170E+05	21.7
56.16	2.169E+05	21.7
56.47	2.168E+05	21.69
56.81	2.167E+05	21.68
57.13	2.165E+05	21.67
57.44	2.164E+05	21.65
57.75	2.163E+05	21.64
58.09	2.161E+05	21.63
58.41	2.159E+05	21.61
58.75	2.158E+05	21.59
59.07	2.156E+05	21.58
59.38	2.155E+05	21.56
59.69	2.153E+05	21.55
60.00	2.151E+05	21.53
60.34	2.149E+05	21.51
60.66	2.147E+05	21.49
61.00	2.146E+05	21.47
61.35	2.144E+05	21.46
61.66	2.142E+05	21.44
61.97	2.139E+05	21.42
62.31	2.137E+05	21.39
62.65	2.135E+05	21.37
62.96	2.133E+05	21.35
63.28	2.131E+05	21.33
63.59	2.129E+05	21.31
63.90	2.126E+05	21.29
64.22	2.124E+05	21.26
64.53	2.122E+05	21.24
64.87	2.120E+05	21.22
65.21	2.118E+05	21.2
65.54	2.115E+05	21.18
65.86	2.113E+05	21.15
66.18	2.111E+05	21.13
66.52	2.108E+05	21.11
66.89	2.105E+05	21.08
67.20	2.103E+05	21.05
67.54	2.101E+05	21.03
67.88	2.099E+05	21.01
68.19	2.096E+05	20.99
68.53	2.093E+05	20.96
68.85	2.091E+05	20.93
69.19	2.089E+05	20.91
69.56	2.086E+05	20.89
69.89	2.084E+05	20.86
70.21	2.082E+05	20.84
70.55	2.079E+05	20.82
70.86	2.077E+05	20.79
71.20	2.075E+05	20.77
71.54	2.073E+05	20.75
71.85	2.070E+05	20.73
72.20	2.068E+05	20.7
72.54	2.065E+05	20.68
72.90	2.063E+05	20.65
73.24	2.061E+05	20.63
73.58	2.059E+05	20.61
73.92	2.057E+05	20.59
74.24	2.055E+05	20.57
74.55	2.053E+05	20.55
74.89	2.051E+05	20.53
75.26	2.049E+05	20.51
75.60	2.047E+05	20.49
75.94	2.045E+05	20.47
76.28	2.044E+05	20.45
76.63	2.041E+05	20.44
76.97	2.040E+05	20.41
77.31	2.038E+05	20.4
77.65	2.036E+05	20.38
78.01	2.035E+05	20.36
78.35	2.033E+05	20.35
78.69	2.032E+05	20.33
79.03	2.030E+05	20.32
79.38	2.029E+05	20.3
79.71	2.027E+05	20.29
80.05	2.026E+05	20.27
80.39	2.025E+05	20.26
80.73	2.023E+05	20.25
81.07	2.022E+05	20.23
81.43	2.021E+05	20.22
81.77	2.020E+05	20.21
82.12	2.019E+05	20.2
82.46	2.018E+05	20.19
82.80	2.017E+05	20.18
83.14	2.016E+05	20.17
83.48	2.015E+05	20.16
83.82	2.015E+05	20.15
84.16	2.014E+05	20.15
84.50	2.013E+05	20.14
84.84	2.012E+05	20.13
85.18	2.012E+05	20.12
85.52	2.011E+05	20.12
85.89	2.011E+05	20.11
86.22	2.011E+05	20.11
86.56	2.010E+05	20.11
86.90	2.010E+05	20.1
87.22	2.010E+05	20.1
87.56	2.009E+05	20.1
87.89	2.010E+05	20.09
88.26	2.009E+05	20.1
88.60	2.009E+05	20.09
88.93	2.009E+05	20.09
89.27	2.009E+05	20.09
89.61	2.009E+05	20.09
89.95	2.009E+05	20.09
90.29	2.009E+05	20.09
90.63	2.009E+05	20.09
90.97	2.010E+05	20.09
91.31	2.010E+05	20.1
91.67	2.010E+05	20.1
92.01	2.010E+05	20.1
92.36	2.011E+05	20.1
92.72	2.012E+05	20.11
93.06	2.012E+05	20.12
93.40	2.013E+05	20.12
93.77	2.013E+05	20.13
94.11	2.014E+05	20.13
94.45	2.014E+05	20.14
94.79	2.015E+05	20.14
95.13	2.016E+05	20.15
95.50	2.017E+05	20.16
95.86	2.018E+05	20.17
96.20	2.018E+05	20.18
96.54	2.019E+05	20.18
96.88	2.020E+05	20.19
97.22	2.021E+05	20.2
97.57	2.022E+05	20.21
97.91	2.023E+05	20.22
98.25	2.024E+05	20.23
98.58	2.025E+05	20.24
98.92	2.026E+05	20.25
99.26	2.027E+05	20.26
99.60	2.029E+05	20.27
99.97	2.030E+05	20.29
100.32	2.031E+05	20.3
100.65	2.032E+05	20.31
101.02	2.034E+05	20.32
101.36	2.035E+05	20.34
101.70	2.036E+05	20.35
102.07	2.037E+05	20.36
102.41	2.039E+05	20.37
102.75	2.040E+05	20.39
103.12	2.041E+05	20.4
103.45	2.042E+05	20.41
103.79	2.044E+05	20.42
104.16	2.046E+05	20.44
104.50	2.047E+05	20.46
104.84	2.048E+05	20.47
105.21	2.050E+05	20.48
105.58	2.051E+05	20.5
105.92	2.053E+05	20.51
106.28	2.054E+05	20.53
106.63	2.055E+05	20.54
106.99	2.057E+05	20.55
107.33	2.058E+05	20.57
107.67	2.060E+05	20.58
108.02	2.061E+05	20.6
108.41	2.063E+05	20.61
108.78	2.064E+05	20.63
109.15	2.066E+05	20.64
109.51	2.067E+05	20.66
109.85	2.068E+05	20.67
110.22	2.070E+05	20.68
110.59	2.072E+05	20.7
110.93	2.073E+05	20.72
111.30	2.075E+05	20.73
111.67	2.076E+05	20.75
112.00	2.077E+05	20.76
112.34	2.078E+05	20.77
112.71	2.080E+05	20.78
113.05	2.082E+05	20.8
113.40	2.083E+05	20.82
113.77	2.084E+05	20.83
114.13	2.085E+05	20.84
114.47	2.086E+05	20.85
114.84	2.087E+05	20.86
115.21	2.089E+05	20.87
115.55	2.090E+05	20.89
115.92	2.091E+05	20.9
116.26	2.092E+05	20.91
116.60	2.093E+05	20.92
116.97	2.094E+05	20.93
117.31	2.095E+05	20.94
117.64	2.096E+05	20.95
118.01	2.097E+05	20.96
118.38	2.097E+05	20.97
118.72	2.099E+05	20.97
119.09	2.100E+05	20.99
119.43	2.101E+05	21.0
119.79	2.101E+05	21.01
120.16	2.102E+05	21.01
120.50	2.103E+05	21.02
120.86	2.103E+05	21.03
121.24	2.104E+05	21.03
121.58	2.104E+05	21.04
121.92	2.105E+05	21.04
122.31	2.106E+05	21.05
122.64	2.107E+05	21.06
122.99	2.107E+05	21.07
123.38	2.107E+05	21.07
123.73	2.108E+05	21.07
124.06	2.108E+05	21.08
124.43	2.109E+05	21.08
124.77	2.109E+05	21.09
125.11	2.110E+05	21.09
125.47	2.109E+05	21.1
125.81	2.110E+05	21.09
126.17	2.110E+05	21.1
126.54	2.110E+05	21.1
126.91	2.110E+05	21.1
127.25	2.110E+05	21.1
127.61	2.110E+05	21.1
127.95	2.110E+05	21.1
128.31	2.110E+05	21.1
128.65	2.110E+05	21.1
129.00	2.110E+05	21.1
129.36	2.110E+05	21.1
129.73	2.110E+05	21.1
130.09	2.110E+05	21.1
130.46	2.109E+05	21.1
130.82	2.109E+05	21.09
131.19	2.109E+05	21.09
131.56	2.108E+05	21.09
131.95	2.108E+05	21.08
132.32	2.108E+05	21.08
132.68	2.107E+05	21.08
133.05	2.107E+05	21.07
133.39	2.106E+05	21.07
133.75	2.105E+05	21.06
134.12	2.105E+05	21.05
134.49	2.104E+05	21.05
134.85	2.104E+05	21.04
135.25	2.103E+05	21.04
135.61	2.102E+05	21.03
136.00	2.102E+05	21.02
136.40	2.101E+05	21.02
136.74	2.100E+05	21.01
137.11	2.099E+05	21.0
137.50	2.098E+05	20.99
137.87	2.097E+05	20.98
138.24	2.097E+05	20.97
138.63	2.096E+05	20.97
138.99	2.094E+05	20.96
139.37	2.093E+05	20.94
139.78	2.093E+05	20.93
140.15	2.092E+05	20.93
140.52	2.091E+05	20.92
140.94	2.089E+05	20.91
141.33	2.089E+05	20.89
141.70	2.087E+05	20.89
142.07	2.086E+05	20.87
142.44	2.086E+05	20.86
142.80	2.085E+05	20.86
143.20	2.084E+05	20.85
143.56	2.083E+05	20.84
143.93	2.082E+05	20.83
144.32	2.080E+05	20.82
144.70	2.079E+05	20.8
145.06	2.078E+05	20.79
145.46	2.077E+05	20.78
145.82	2.076E+05	20.77
146.19	2.075E+05	20.76
146.61	2.074E+05	20.75
146.97	2.073E+05	20.74
147.34	2.072E+05	20.73
147.74	2.071E+05	20.72
148.11	2.070E+05	20.71
148.47	2.069E+05	20.7
148.86	2.068E+05	20.69
149.23	2.067E+05	20.68
149.59	2.066E+05	20.67
149.99	2.065E+05	20.66
150.36	2.064E+05	20.65
150.72	2.064E+05	20.64
151.11	2.063E+05	20.64
151.48	2.062E+05	20.63
151.85	2.061E+05	20.62
152.24	2.060E+05	20.61
152.61	2.060E+05	20.6
152.98	2.059E+05	20.6
153.37	2.058E+05	20.59
153.73	2.057E+05	20.58
154.10	2.056E+05	20.57
154.49	2.056E+05	20.56
154.86	2.055E+05	20.56
155.23	2.054E+05	20.55
155.65	2.054E+05	20.54
156.01	2.053E+05	20.54
156.38	2.052E+05	20.53
156.77	2.052E+05	20.52
157.14	2.051E+05	20.52
157.53	2.051E+05	20.51
157.93	2.050E+05	20.51
158.30	2.050E+05	20.5
158.69	2.050E+05	20.5
159.08	2.049E+05	20.5
159.47	2.049E+05	20.49
159.84	2.048E+05	20.49
160.24	2.048E+05	20.48
160.60	2.048E+05	20.48
160.99	2.047E+05	20.48
161.39	2.047E+05	20.47
161.78	2.047E+05	20.47
162.17	2.047E+05	20.47
162.59	2.046E+05	20.47
162.96	2.046E+05	20.46
163.36	2.046E+05	20.46
163.77	2.046E+05	20.46
164.19	2.046E+05	20.46
164.58	2.046E+05	20.46
164.97	2.046E+05	20.46
165.34	2.046E+05	20.46
165.74	2.046E+05	20.46
166.10	2.046E+05	20.46
166.49	2.046E+05	20.46
166.88	2.046E+05	20.46
167.25	2.046E+05	20.46
167.64	2.046E+05	20.46
168.06	2.046E+05	20.46
168.46	2.046E+05	20.46
168.85	2.047E+05	20.46
169.24	2.047E+05	20.47
169.64	2.047E+05	20.47
170.03	2.047E+05	20.47
170.42	2.048E+05	20.47
170.82	2.048E+05	20.48
171.21	2.048E+05	20.48
171.60	2.049E+05	20.48
172.02	2.049E+05	20.49
172.42	2.050E+05	20.49
172.81	2.050E+05	20.5
173.20	2.051E+05	20.5
173.60	2.051E+05	20.51
173.99	2.051E+05	20.51
174.39	2.052E+05	20.51
174.78	2.053E+05	20.52
175.17	2.053E+05	20.53
175.59	2.053E+05	20.53
175.99	2.054E+05	20.53
176.38	2.055E+05	20.54
176.80	2.055E+05	20.55
177.20	2.056E+05	20.55
177.59	2.057E+05	20.56
177.98	2.057E+05	20.57
178.37	2.057E+05	20.57
178.77	2.058E+05	20.57
179.19	2.059E+05	20.58
179.58	2.060E+05	20.59
180.00	2.060E+05	20.6
180.39	2.061E+05	20.6
180.79	2.062E+05	20.61
181.19	2.062E+05	20.62
181.61	2.063E+05	20.62
182.00	2.064E+05	20.63
182.42	2.064E+05	20.64
182.84	2.065E+05	20.64
183.23	2.066E+05	20.65
183.63	2.066E+05	20.66
184.05	2.067E+05	20.66
184.44	2.068E+05	20.67
184.84	2.068E+05	20.68
185.23	2.069E+05	20.68
185.62	2.070E+05	20.69
186.01	2.070E+05	20.7
186.41	2.071E+05	20.7
186.81	2.072E+05	20.71
187.20	2.072E+05	20.72
187.60	2.073E+05	20.72
187.99	2.074E+05	20.73
188.41	2.075E+05	20.74
188.83	2.075E+05	20.75
189.23	2.076E+05	20.75
189.62	2.076E+05	20.76
190.01	2.077E+05	20.76
190.40	2.077E+05	20.77
190.79	2.078E+05	20.77
191.21	2.078E+05	20.78
191.61	2.079E+05	20.78
192.01	2.079E+05	20.79
192.43	2.080E+05	20.79
192.85	2.080E+05	20.8
193.24	2.081E+05	20.8
193.66	2.081E+05	20.81
194.06	2.082E+05	20.81
194.47	2.082E+05	20.82
194.89	2.083E+05	20.82
195.28	2.083E+05	20.83
195.67	2.084E+05	20.83
196.07	2.084E+05	20.84
196.46	2.084E+05	20.84
196.86	2.085E+05	20.84
197.25	2.085E+05	20.85
197.67	2.085E+05	20.85
198.09	2.085E+05	20.85
198.51	2.086E+05	20.85
198.90	2.086E+05	20.86
199.30	2.086E+05	20.86
199.71	2.086E+05	20.86
200.13	2.086E+05	20.86
200.55	2.086E+05	20.86
200.94	2.087E+05	20.86
201.36	2.086E+05	20.87
201.79	2.087E+05	20.86
202.21	2.087E+05	20.87
202.63	2.087E+05	20.87
203.05	2.087E+05	20.87
203.47	2.087E+05	20.87
203.88	2.087E+05	20.87
204.30	2.087E+05	20.87
204.73	2.087E+05	20.87
205.17	2.087E+05	20.87
205.59	2.087E+05	20.87
205.98	2.086E+05	20.87
206.40	2.087E+05	20.86
206.82	2.086E+05	20.87
207.22	2.086E+05	20.86
207.62	2.086E+05	20.86
208.03	2.086E+05	20.86
208.45	2.086E+05	20.86
208.87	2.086E+05	20.86
209.26	2.085E+05	20.86
209.66	2.085E+05	20.85
210.08	2.085E+05	20.85
210.47	2.084E+05	20.85
210.89	2.084E+05	20.84
211.31	2.084E+05	20.84
211.73	2.084E+05	20.84
212.15	2.083E+05	20.84
212.57	2.083E+05	20.83
212.99	2.083E+05	20.83
213.41	2.082E+05	20.83
213.83	2.082E+05	20.82
214.25	2.082E+05	20.82
214.67	2.081E+05	20.82
215.07	2.081E+05	20.81
215.49	2.080E+05	20.81
215.91	2.080E+05	20.8
216.35	2.079E+05	20.8
216.77	2.079E+05	20.79
217.19	2.079E+05	20.79
217.65	2.078E+05	20.79
218.04	2.078E+05	20.78
218.46	2.077E+05	20.78
218.87	2.077E+05	20.77
219.27	2.076E+05	20.77
219.68	2.076E+05	20.76
220.09	2.076E+05	20.76
220.50	2.075E+05	20.76
220.92	2.075E+05	20.75
221.34	2.074E+05	20.75
221.79	2.074E+05	20.74
222.21	2.073E+05	20.74
222.63	2.073E+05	20.73
223.05	2.072E+05	20.73
223.47	2.072E+05	20.72
223.89	2.071E+05	20.72
224.31	2.070E+05	20.71
224.73	2.070E+05	20.7
225.15	2.070E+05	20.7
225.60	2.070E+05	20.7
226.02	2.069E+05	20.7
226.44	2.069E+05	20.69
226.88	2.068E+05	20.69
227.31	2.068E+05	20.68
227.72	2.067E+05	20.68
228.15	2.067E+05	20.67
228.57	2.067E+05	20.67
228.99	2.066E+05	20.67
229.41	2.066E+05	20.66
229.85	2.066E+05	20.66
230.27	2.065E+05	20.66
230.70	2.065E+05	20.65
231.14	2.064E+05	20.65
231.56	2.064E+05	20.64
232.01	2.064E+05	20.64
232.45	2.064E+05	20.64
232.87	2.063E+05	20.64
233.30	2.063E+05	20.63
233.74	2.063E+05	20.63
234.17	2.062E+05	20.63
234.58	2.062E+05	20.62
235.03	2.062E+05	20.62
235.45	2.062E+05	20.62
235.87	2.062E+05	20.62
236.29	2.062E+05	20.62
236.71	2.061E+05	20.62
237.13	2.061E+05	20.61
237.58	2.061E+05	20.61
237.99	2.061E+05	20.61
238.42	2.061E+05	20.61
238.87	2.061E+05	20.61
239.31	2.061E+05	20.61
239.73	2.061E+05	20.61
240.15	2.061E+05	20.61
240.57	2.061E+05	20.61
241.05	2.060E+05	20.61
241.50	2.061E+05	20.6
241.92	2.061E+05	20.61
242.37	2.061E+05	20.61
242.81	2.061E+05	20.61
243.26	2.061E+05	20.61
243.68	2.061E+05	20.61
244.13	2.061E+05	20.61
244.58	2.061E+05	20.61
245.02	2.061E+05	20.61
245.47	2.061E+05	20.61
245.92	2.062E+05	20.61
246.34	2.062E+05	20.62
246.79	2.062E+05	20.62
247.24	2.062E+05	20.62
247.69	2.062E+05	20.62
248.13	2.062E+05	20.62
248.58	2.062E+05	20.62
249.03	2.062E+05	20.62
249.48	2.063E+05	20.62
249.93	2.063E+05	20.63
250.37	2.063E+05	20.63
250.82	2.063E+05	20.63
251.27	2.063E+05	20.63
251.71	2.063E+05	20.63
252.16	2.064E+05	20.63
252.61	2.064E+05	20.64
253.06	2.064E+05	20.64
253.53	2.064E+05	20.64
253.98	2.065E+05	20.64
254.43	2.065E+05	20.65
254.90	2.065E+05	20.65
255.35	2.066E+05	20.65
255.79	2.066E+05	20.66
256.24	2.066E+05	20.66
256.69	2.067E+05	20.66
258.70	2.068E+05	20.67
259.15	2.068E+05	20.68
259.60	2.069E+05	20.68
260.07	2.069E+05	20.69
260.52	2.070E+05	20.69
260.96	2.070E+05	20.7
261.44	2.070E+05	20.7
261.89	2.070E+05	20.7
262.33	2.071E+05	20.7
262.78	2.071E+05	20.71
263.22	2.071E+05	20.71
263.67	2.072E+05	20.71
264.13	2.072E+05	20.72
264.57	2.072E+05	20.72
265.01	2.073E+05	20.72
265.46	2.073E+05	20.73
265.90	2.073E+05	20.73
266.35	2.074E+05	20.73
266.80	2.074E+05	20.74
267.25	2.074E+05	20.74
267.69	2.074E+05	20.74
268.14	2.074E+05	20.74
268.61	2.075E+05	20.74
269.06	2.075E+05	20.75
269.51	2.075E+05	20.75
269.95	2.075E+05	20.75
270.40	2.076E+05	20.75
270.84	2.076E+05	20.76
271.29	2.076E+05	20.76
271.75	2.076E+05	20.76
272.22	2.076E+05	20.76
272.66	2.077E+05	20.76
273.11	2.076E+05	20.77
273.58	2.077E+05	20.76
274.03	2.077E+05	20.77
274.48	2.077E+05	20.77
274.93	2.077E+05	20.77
275.37	2.077E+05	20.77
275.81	2.077E+05	20.77
276.26	2.077E+05	20.77
276.71	2.077E+05	20.77
319.60	2.065E+05	20.77
320.05	2.065E+05	20.65
320.93	2.065E+05	20.65
321.37	2.065E+05	20.65
321.82	2.065E+05	20.65
322.27	2.065E+05	20.65
322.72	2.064E+05	20.65
323.16	2.064E+05	20.64
323.63	2.064E+05	20.64
324.08	2.065E+05	20.64
